4694428428020873060 13909875606412569204 4661949024290739460 13916963049218609740 4640377543158857044 1 47 2
4639481672377565184 4636737291354636288 4632233691727265792 4741671816366391296 4632233691727265792 0 30 1
4641240890982006784 4641240890982006784 4607182418800017408 0 4632233691727265792 2 77 5
4641240890982006784 4641240890982006784 4607182418800017408 0 4632233691727265792 1 63 2
4639481672377565184 4636737291354636288 4632233691727265792 0 4632233691727265792 2 13 5
4641240890982006784 4641240890982006784 4607182418800017408 4741671816366391296 4632233691727265792 2 50 50
9221120237041090560 13918621397263948836 4645820948738286205 4691827271742136600 4646339559252162667 2 57 57
4639481672377565184 4636737291354636288 4632233691727265792 0 4632233691727265792 3 6 1
4679718640122281216 13914332533838749756 4664932756491750645 4695564700649438980 4642455868605872564 0 23 1
4639481672377565184 4636737291354636288 4632233691727265792 4741671816366391296 4632233691727265792 0 78 1
4641240890982006784 4641240890982006784 4607182418800017408 0 4632233691727265792 2 79 5
4641240890982006784 4641240890982006784 4607182418800017408 0 4632233691727265792 1 22 2
4639481672377565184 4636737291354636288 4632233691727265792 0 4632233691727265792 2 34 5
4641240890982006784 4641240890982006784 4607182418800017408 4741671816366391296 4632233691727265792 2 47 47
9221120237041090560 4689561684850286504 4648054572087341481 4689098464628144456 4643305512551222482 2 73 73
4639481672377565184 4636737291354636288 4632233691727265792 0 4632233691727265792 3 2 1
4690503717003921980 13914606947688475906 4663990917018343451 4691812920279834160 4617802923582451904 1 45 1
4639481672377565184 4636737291354636288 4632233691727265792 4741671816366391296 4632233691727265792 0 41 1
4641240890982006784 4641240890982006784 4607182418800017408 0 4632233691727265792 2 23 5
4641240890982006784 4641240890982006784 4607182418800017408 0 4632233691727265792 1 33 2
4639481672377565184 4636737291354636288 4632233691727265792 0 4632233691727265792 2 20 5
4641240890982006784 4641240890982006784 4607182418800017408 4741671816366391296 4632233691727265792 2 23 23
9221120237041090560 13908617391377911712 4661583721684591817 4696361930830619672 4643897315099381974 2 3 3
4639481672377565184 4636737291354636288 4632233691727265792 0 4632233691727265792 3 18 1
13907063666556099224 13907563657345523880 4664467659201746637 13919934257707548402 4648897905108924851 1 64 2
4639481672377565184 4636737291354636288 4632233691727265792 4741671816366391296 4632233691727265792 0 61 1
4641240890982006784 4641240890982006784 4607182418800017408 0 4632233691727265792 2 44 5
4641240890982006784 4641240890982006784 4607182418800017408 0 4632233691727265792 1 42 2
4639481672377565184 4636737291354636288 4632233691727265792 0 4632233691727265792 2 33 5
4641240890982006784 4641240890982006784 4607182418800017408 4741671816366391296 4632233691727265792 2 27 27
9221120237041090560 4689850156377292900 4661148251500353174 13907842898014122228 4649363036412563450 2 51 51
4639481672377565184 4636737291354636288 4632233691727265792 0 4632233691727265792 3 78 1
13908171324324611364 4696281855433193370 4654380595127282541 13917948396601247750 4651612505828100669 0 18 18
4639481672377565184 4636737291354636288 4632233691727265792 4741671816366391296 4632233691727265792 0 73 1
4641240890982006784 4641240890982006784 4607182418800017408 0 4632233691727265792 2 49 5
4641240890982006784 4641240890982006784 4607182418800017408 0 4632233691727265792 1 51 2
4639481672377565184 4636737291354636288 4632233691727265792 0 4632233691727265792 2 70 5
4641240890982006784 4641240890982006784 4607182418800017408 4741671816366391296 4632233691727265792 2 5 5
9221120237041090560 13917159306339289354 4664942274139349073 4689350080732375336 4637385941272887122 2 48 48
4639481672377565184 4636737291354636288 4632233691727265792 0 4632233691727265792 3 1 1
13917873542306628011 4696067722628678510 4666017365854682338 13886342592062665728 4642847518016028712 2 72 72
4639481672377565184 4636737291354636288 4632233691727265792 4741671816366391296 4632233691727265792 0 62 1
4641240890982006784 4641240890982006784 4607182418800017408 0 4632233691727265792 2 71 5
4641240890982006784 4641240890982006784 4607182418800017408 0 4632233691727265792 1 0 2
4639481672377565184 4636737291354636288 4632233691727265792 0 4632233691727265792 2 37 5
4641240890982006784 4641240890982006784 4607182418800017408 4741671816366391296 4632233691727265792 2 71 71
9221120237041090560 13910725392629138404 4662312520981547150 13916814848094093467 4645245998963657462 2 13 13
4639481672377565184 4636737291354636288 4632233691727265792 0 4632233691727265792 3 0 1
13918335234210483802 13894083452443007360 4666320369631689783 13908150784985190932 4649869475541788664 1 60 60
4639481672377565184 4636737291354636288 4632233691727265792 4741671816366391296 4632233691727265792 0 22 1
4641240890982006784 4641240890982006784 4607182418800017408 0 4632233691727265792 2 28 5
4641240890982006784 4641240890982006784 4607182418800017408 0 4632233691727265792 1 30 2
4639481672377565184 4636737291354636288 4632233691727265792 0 4632233691727265792 2 23 5
4641240890982006784 4641240890982006784 4607182418800017408 4741671816366391296 4632233691727265792 2 62 62
9221120237041090560 4683025174209065712 4651577607774044484 4693495287130647442 4648859986764774136 2 75 75
4639481672377565184 4636737291354636288 4632233691727265792 0 4632233691727265792 3 66 1
4693087662172347464 13918277714823976722 4659058152867599240 13920032891611680839 4651142671054939901 3 74 1
4639481672377565184 4636737291354636288 4632233691727265792 4741671816366391296 4632233691727265792 0 2 1
4641240890982006784 4641240890982006784 4607182418800017408 0 4632233691727265792 2 20 5
4641240890982006784 4641240890982006784 4607182418800017408 0 4632233691727265792 1 46 2
4639481672377565184 4636737291354636288 4632233691727265792 0 4632233691727265792 2 57 5
4641240890982006784 4641240890982006784 4607182418800017408 4741671816366391296 4632233691727265792 2 68 68
9221120237041090560 13896693833996581472 4651918409916961790 13911560905099098280 4648071313539359410 2 39 39
4639481672377565184 4636737291354636288 4632233691727265792 0 4632233691727265792 3 22 1
13919350126076284410 13912154624235189666 4663888958634637906 4694562938841817510 4641366564001079497 3 63 63
4639481672377565184 4636737291354636288 4632233691727265792 4741671816366391296 4632233691727265792 0 44 1
4641240890982006784 4641240890982006784 4607182418800017408 0 4632233691727265792 2 52 5
4641240890982006784 4641240890982006784 4607182418800017408 0 4632233691727265792 1 12 2
4639481672377565184 4636737291354636288 4632233691727265792 0 4632233691727265792 2 26 5
4641240890982006784 4641240890982006784 4607182418800017408 4741671816366391296 4632233691727265792 2 8 8
9221120237041090560 13911997456331646446 4665937402139351212 4690739205261169568 4647727429500530496 2 0 0
4639481672377565184 4636737291354636288 4632233691727265792 0 4632233691727265792 3 70 1
4694750688808351624 4693246014094332342 4653066210402604351 13907314284770624112 4648450550798370005 3 75 1
4639481672377565184 4636737291354636288 4632233691727265792 4741671816366391296 4632233691727265792 0 17 1
4641240890982006784 4641240890982006784 4607182418800017408 0 4632233691727265792 2 59 5
4641240890982006784 4641240890982006784 4607182418800017408 0 4632233691727265792 1 11 2
4639481672377565184 4636737291354636288 4632233691727265792 0 4632233691727265792 2 13 5
4641240890982006784 4641240890982006784 4607182418800017408 4741671816366391296 4632233691727265792 2 68 68
9221120237041090560 4694288042850747076 4658872733806142644 4692805354854975064 4650341017089448178 2 23 23
4639481672377565184 4636737291354636288 4632233691727265792 0 4632233691727265792 3 32 1
13916309270503114412 4671127390742122080 4659515509720464908 13917239739692823974 4647834061942402717 0 13 13
4639481672377565184 4636737291354636288 4632233691727265792 4741671816366391296 4632233691727265792 0 28 1
4641240890982006784 4641240890982006784 4607182418800017408 0 4632233691727265792 2 51 5
4641240890982006784 4641240890982006784 4607182418800017408 0 4632233691727265792 1 55 2
4639481672377565184 4636737291354636288 4632233691727265792 0 4632233691727265792 2 15 5
4641240890982006784 4641240890982006784 4607182418800017408 4741671816366391296 4632233691727265792 2 75 75
9221120237041090560 4694302439472436900 4652596779659082884 4684459576539166720 4651836226443565953 2 66 66
4639481672377565184 4636737291354636288 4632233691727265792 0 4632233691727265792 3 34 1
4694640635775089220 13907302634683741864 4663214769250753753 13916873868720215712 4646849545624082163 3 60 1
4639481672377565184 4636737291354636288 4632233691727265792 4741671816366391296 4632233691727265792 0 63 1
4641240890982006784 4641240890982006784 4607182418800017408 0 4632233691727265792 2 54 5
4641240890982006784 4641240890982006784 4607182418800017408 0 4632233691727265792 1 48 2
4639481672377565184 4636737291354636288 4632233691727265792 0 4632233691727265792 2 62 5
4641240890982006784 4641240890982006784 4607182418800017408 4741671816366391296 4632233691727265792 2 58 58
9221120237041090560 4680347575116987632 4658847556940553278 4693155035574068700 4646795205217311398 2 1 1
4639481672377565184 4636737291354636288 4632233691727265792 0 4632233691727265792 3 23 1
13916585717995515542 4695685341276053844 4666259198403413477 4685348122100683680 4629715379168592298 3 28 28
4639481672377565184 4636737291354636288 4632233691727265792 4741671816366391296 4632233691727265792 0 51 1
4641240890982006784 4641240890982006784 4607182418800017408 0 4632233691727265792 2 56 5
4641240890982006784 4641240890982006784 4607182418800017408 0 4632233691727265792 1 43 2
4639481672377565184 4636737291354636288 4632233691727265792 0 4632233691727265792 2 66 5
4641240890982006784 4641240890982006784 4607182418800017408 4741671816366391296 4632233691727265792 2 6 6
9221120237041090560 4696506548673359992 4654989955265583557 13918483145299499585 4649470945097281548 2 63 63
4639481672377565184 4636737291354636288 4632233691727265792 0 4632233691727265792 3 52 1
13900697815478079008 13918784319287528766 4662751777149351022 13918486583962090337 4640979915664363509 0 33 1
4639481672377565184 4636737291354636288 4632233691727265792 4741671816366391296 4632233691727265792 0 16 1
4641240890982006784 4641240890982006784 4607182418800017408 0 4632233691727265792 2 1 5
4641240890982006784 4641240890982006784 4607182418800017408 0 4632233691727265792 1 49 2
4639481672377565184 4636737291354636288 4632233691727265792 0 4632233691727265792 2 65 5
4641240890982006784 4641240890982006784 4607182418800017408 4741671816366391296 4632233691727265792 2 27 27
9221120237041090560 13912160142786459702 4661333404280730396 13915211862220369766 4647263292801692800 2 47 47
4639481672377565184 4636737291354636288 4632233691727265792 0 4632233691727265792 3 36 1
4696721174230814742 13918495336306218936 4666399168886295145 4689165055135057788 4647968544559686534 1 78 2
4639481672377565184 4636737291354636288 4632233691727265792 4741671816366391296 4632233691727265792 0 54 1
4641240890982006784 4641240890982006784 4607182418800017408 0 4632233691727265792 2 64 5
4641240890982006784 4641240890982006784 4607182418800017408 0 4632233691727265792 1 67 2
4639481672377565184 4636737291354636288 4632233691727265792 0 4632233691727265792 2 49 5
4641240890982006784 4641240890982006784 4607182418800017408 4741671816366391296 4632233691727265792 2 53 53
9221120237041090560 4687184946724711200 4659450856605988253 4677596470562965952 4641837683722367794 2 42 42
4639481672377565184 4636737291354636288 4632233691727265792 0 4632233691727265792 3 58 1
13917552690001627652 13914627766265850312 4657723375095582407 4682028966372541136 4643628497312175343 2 57 57
4639481672377565184 4636737291354636288 4632233691727265792 4741671816366391296 4632233691727265792 0 63 1
4641240890982006784 4641240890982006784 4607182418800017408 0 4632233691727265792 2 6 5
4641240890982006784 4641240890982006784 4607182418800017408 0 4632233691727265792 1 36 2
4639481672377565184 4636737291354636288 4632233691727265792 0 4632233691727265792 2 43 5
4641240890982006784 4641240890982006784 4607182418800017408 4741671816366391296 4632233691727265792 2 45 45
9221120237041090560 4695862424320966858 4658320644604284156 4693056237075598448 4645063315290086878 2 34 34
4639481672377565184 4636737291354636288 4632233691727265792 0 4632233691727265792 3 41 1
4682985681992815056 13910764725134306944 4663622740562494698 4696285816139089396 4639511952237448900 0 26 1
4639481672377565184 4636737291354636288 4632233691727265792 4741671816366391296 4632233691727265792 0 72 1
4641240890982006784 4641240890982006784 4607182418800017408 0 4632233691727265792 2 21 5
4641240890982006784 4641240890982006784 4607182418800017408 0 4632233691727265792 1 14 2
4639481672377565184 4636737291354636288 4632233691727265792 0 4632233691727265792 2 25 5
4641240890982006784 4641240890982006784 4607182418800017408 4741671816366391296 4632233691727265792 2 50 50
9221120237041090560 4684910594408335560 4661605768957747073 4694713409409098072 4645058617946422468 2 44 44
4639481672377565184 4636737291354636288 4632233691727265792 0 4632233691727265792 3 30 1
13918751515338686429 13915075820911303940 4662263512546760184 4690999936591255544 4642524039276599693 0 74 74
4639481672377565184 4636737291354636288 4632233691727265792 4741671816366391296 4632233691727265792 0 18 1
4641240890982006784 4641240890982006784 4607182418800017408 0 4632233691727265792 2 50 5
4641240890982006784 4641240890982006784 4607182418800017408 0 4632233691727265792 1 51 2
4639481672377565184 4636737291354636288 4632233691727265792 0 4632233691727265792 2 34 5
4641240890982006784 4641240890982006784 4607182418800017408 4741671816366391296 4632233691727265792 2 77 77
9221120237041090560 13914601846358444676 4658111520835032052 13904971016198142920 4639091842477730849 2 4 4
4639481672377565184 4636737291354636288 4632233691727265792 0 4632233691727265792 3 0 1
13900782053701700832 13909090083222600988 4662564297451890366 4688793141158371628 4651336628464654325 0 69 1
4639481672377565184 4636737291354636288 4632233691727265792 4741671816366391296 4632233691727265792 0 38 1
4641240890982006784 4641240890982006784 4607182418800017408 0 4632233691727265792 2 31 5
4641240890982006784 4641240890982006784 4607182418800017408 0 4632233691727265792 1 52 2
4639481672377565184 4636737291354636288 4632233691727265792 0 4632233691727265792 2 40 5
4641240890982006784 4641240890982006784 4607182418800017408 4741671816366391296 4632233691727265792 2 66 66
9221120237041090560 13914644222585293152 4656218440800116612 4679924061145856048 4650380464157364925 2 78 78
4639481672377565184 4636737291354636288 4632233691727265792 0 4632233691727265792 3 50 1
13919959960164295840 4679654315673544176 4648814852814777613 4666795925827891200 4646528128910408776 3 21 21
4639481672377565184 4636737291354636288 4632233691727265792 4741671816366391296 4632233691727265792 0 75 1
4641240890982006784 4641240890982006784 4607182418800017408 0 4632233691727265792 2 63 5
4641240890982006784 4641240890982006784 4607182418800017408 0 4632233691727265792 1 63 2
4639481672377565184 4636737291354636288 4632233691727265792 0 4632233691727265792 2 41 5
4641240890982006784 4641240890982006784 4607182418800017408 4741671816366391296 4632233691727265792 2 24 24
9221120237041090560 4693327394508349850 4666393002151315627 13907549562499410596 4641708631616757263 2 8 8
4639481672377565184 4636737291354636288 4632233691727265792 0 4632233691727265792 3 7 1
13917538278015501498 4693572671993139202 4657113953806518131 13900064175719653072 4647956000488603761 3 40 40
4639481672377565184 4636737291354636288 4632233691727265792 4741671816366391296 4632233691727265792 0 1 1
4641240890982006784 4641240890982006784 4607182418800017408 0 4632233691727265792 2 67 5
4641240890982006784 4641240890982006784 4607182418800017408 0 4632233691727265792 1 4 2
4639481672377565184 4636737291354636288 4632233691727265792 0 4632233691727265792 2 63 5
4641240890982006784 4641240890982006784 4607182418800017408 4741671816366391296 4632233691727265792 2 66 66
9221120237041090560 13916765356834418986 4647976578459096536 4690256500522799864 4648305064918943949 2 19 19
4639481672377565184 4636737291354636288 4632233691727265792 0 4632233691727265792 3 42 1
13917904774237033471 13917440710946529102 4664898887098052198 4693626480142784188 4646219625768041235 2 78 78
4639481672377565184 4636737291354636288 4632233691727265792 4741671816366391296 4632233691727265792 0 45 1
4641240890982006784 4641240890982006784 4607182418800017408 0 4632233691727265792 2 12 5
4641240890982006784 4641240890982006784 4607182418800017408 0 4632233691727265792 1 66 2
4639481672377565184 4636737291354636288 4632233691727265792 0 4632233691727265792 2 46 5
4641240890982006784 4641240890982006784 4607182418800017408 4741671816366391296 4632233691727265792 2 79 79
9221120237041090560 13916415885927489530 4666025625376020174 13917223267203213102 4644297542381278364 2 53 53
4639481672377565184 4636737291354636288 4632233691727265792 0 4632233691727265792 3 17 1
4685575764065994480 13918842273558681951 4659831640019681602 13915782776409761207 4649921459897693985 3 29 1
4639481672377565184 4636737291354636288 4632233691727265792 4741671816366391296 4632233691727265792 0 19 1
4641240890982006784 4641240890982006784 4607182418800017408 0 4632233691727265792 2 39 5
4641240890982006784 4641240890982006784 4607182418800017408 0 4632233691727265792 1 17 2
4639481672377565184 4636737291354636288 4632233691727265792 0 4632233691727265792 2 63 5
4641240890982006784 4641240890982006784 4607182418800017408 4741671816366391296 4632233691727265792 2 4 4
9221120237041090560 4681163550451154048 4666579054563274725 4693672020310580520 4651629427671378281 2 70 70
4639481672377565184 4636737291354636288 4632233691727265792 0 4632233691727265792 3 66 1
4690160867895476300 13896200637208651584 4665805193713204462 4685653075629241752 4637868286352366232 1 13 2
4639481672377565184 4636737291354636288 4632233691727265792 4741671816366391296 4632233691727265792 0 41 1
4641240890982006784 4641240890982006784 4607182418800017408 0 4632233691727265792 2 44 5
4641240890982006784 4641240890982006784 4607182418800017408 0 4632233691727265792 1 77 2
4639481672377565184 4636737291354636288 4632233691727265792 0 4632233691727265792 2 55 5
4641240890982006784 4641240890982006784 4607182418800017408 4741671816366391296 4632233691727265792 2 45 45
9221120237041090560 13918550439274963594 4657242809097075223 4693144500118849878 4625790660136404115 2 51 51
4639481672377565184 4636737291354636288 4632233691727265792 0 4632233691727265792 3 42 1
13908708359223424912 13916564699598118400 4663021580197726488 13918730324671487195 4651009897651289415 2 69 5
4639481672377565184 4636737291354636288 4632233691727265792 4741671816366391296 4632233691727265792 0 36 1
4641240890982006784 4641240890982006784 4607182418800017408 0 4632233691727265792 2 24 5
4641240890982006784 4641240890982006784 4607182418800017408 0 4632233691727265792 1 27 2
4639481672377565184 4636737291354636288 4632233691727265792 0 4632233691727265792 2 20 5
4641240890982006784 4641240890982006784 4607182418800017408 4741671816366391296 4632233691727265792 2 73 73
9221120237041090560 13919185427031703578 4653383277270293176 4696490758512837998 4644495343025897747 2 44 44
4639481672377565184 4636737291354636288 4632233691727265792 0 4632233691727265792 3 45 1
4690817380912352076 13906934964052635904 4666605228506118076 4693722100666472492 4647681900358773040 1 33 1
4639481672377565184 4636737291354636288 4632233691727265792 4741671816366391296 4632233691727265792 0 58 1
4641240890982006784 4641240890982006784 4607182418800017408 0 4632233691727265792 2 1 5
4641240890982006784 4641240890982006784 4607182418800017408 0 4632233691727265792 1 30 2
4639481672377565184 4636737291354636288 4632233691727265792 0 4632233691727265792 2 68 5
4641240890982006784 4641240890982006784 4607182418800017408 4741671816366391296 4632233691727265792 2 63 63
9221120237041090560 4693521467414527408 4659981427377866057 4688791893840202044 4647550206890629694 2 6 6
4639481672377565184 4636737291354636288 4632233691727265792 0 4632233691727265792 3 74 1
4690942606875871304 13916913180548562558 4666535980307301052 13920183007527410894 4649841785573609159 3 29 1
4639481672377565184 4636737291354636288 4632233691727265792 4741671816366391296 4632233691727265792 0 64 1
4641240890982006784 4641240890982006784 4607182418800017408 0 4632233691727265792 2 29 5
4641240890982006784 4641240890982006784 4607182418800017408 0 4632233691727265792 1 46 2
4639481672377565184 4636737291354636288 4632233691727265792 0 4632233691727265792 2 30 5
4641240890982006784 4641240890982006784 4607182418800017408 4741671816366391296 4632233691727265792 2 67 67
9221120237041090560 13910521454364579840 4666131602761919130 4695863271769235822 4648550803808527566 2 54 54
4639481672377565184 4636737291354636288 4632233691727265792 0 4632233691727265792 3 28 1
13911970612904218082 13901009694331846768 4665360937279752327 13916999268030625632 4648277206876483646 1 15 2
4639481672377565184 4636737291354636288 4632233691727265792 4741671816366391296 4632233691727265792 0 0 1
4641240890982006784 4641240890982006784 4607182418800017408 0 4632233691727265792 2 1 5
4641240890982006784 4641240890982006784 4607182418800017408 0 4632233691727265792 1 52 2
4639481672377565184 4636737291354636288 4632233691727265792 0 4632233691727265792 2 1 5
4641240890982006784 4641240890982006784 4607182418800017408 4741671816366391296 4632233691727265792 2 60 60
9221120237041090560 4694138057090398430 4665823824695019262 4695443071945241256 4651667646165248227 2 36 36
4639481672377565184 4636737291354636288 4632233691727265792 0 4632233691727265792 3 78 1
13918671524694877110 4693832217293280684 4661958366005769464 4665485546813384576 4642217280427153384 1 60 60
4639481672377565184 4636737291354636288 4632233691727265792 4741671816366391296 4632233691727265792 0 63 1
4641240890982006784 4641240890982006784 4607182418800017408 0 4632233691727265792 2 34 5
4641240890982006784 4641240890982006784 4607182418800017408 0 4632233691727265792 1 65 2
4639481672377565184 4636737291354636288 4632233691727265792 0 4632233691727265792 2 40 5
4641240890982006784 4641240890982006784 4607182418800017408 4741671816366391296 4632233691727265792 2 44 44
9221120237041090560 13918124174179638421 4656209111307548561 4696071484653705920 4649776340296105755 2 75 75
4639481672377565184 4636737291354636288 4632233691727265792 0 4632233691727265792 3 23 1
4689190044691602612 13913700400120224270 4651327737860766887 4695715216610875622 4645725096329664556 1 16 1
4639481672377565184 4636737291354636288 4632233691727265792 4741671816366391296 4632233691727265792 0 25 1
4641240890982006784 4641240890982006784 4607182418800017408 0 4632233691727265792 2 18 5
4641240890982006784 4641240890982006784 4607182418800017408 0 4632233691727265792 1 2 2
4639481672377565184 4636737291354636288 4632233691727265792 0 4632233691727265792 2 52 5
4641240890982006784 4641240890982006784 4607182418800017408 4741671816366391296 4632233691727265792 2 56 56
9221120237041090560 13913860262390709552 4661089748077628960 4677446074148696288 4627509013083150615 2 28 28
4639481672377565184 4636737291354636288 4632233691727265792 0 4632233691727265792 3 35 1
13916188578666755466 13919702842650005614 4652675717171819189 13909953420188736564 4642778780452467696 0 42 1
4639481672377565184 4636737291354636288 4632233691727265792 4741671816366391296 4632233691727265792 0 54 1
4641240890982006784 4641240890982006784 4607182418800017408 0 4632233691727265792 2 64 5
4641240890982006784 4641240890982006784 4607182418800017408 0 4632233691727265792 1 51 2
4639481672377565184 4636737291354636288 4632233691727265792 0 4632233691727265792 2 17 5
4641240890982006784 4641240890982006784 4607182418800017408 4741671816366391296 4632233691727265792 2 45 45
9221120237041090560 4692886105207072336 4663154529374744958 4692806142749301794 4634850030217736857 2 49 49
4639481672377565184 4636737291354636288 4632233691727265792 0 4632233691727265792 3 52 1
13916230494145873483 4691747171800067424 4666138055621530670 4692075825914567740 4642396305337372087 2 39 39
4639481672377565184 4636737291354636288 4632233691727265792 4741671816366391296 4632233691727265792 0 74 1
4641240890982006784 4641240890982006784 4607182418800017408 0 4632233691727265792 2 63 5
4641240890982006784 4641240890982006784 4607182418800017408 0 4632233691727265792 1 53 2
4639481672377565184 4636737291354636288 4632233691727265792 0 4632233691727265792 2 31 5
4641240890982006784 4641240890982006784 4607182418800017408 4741671816366391296 4632233691727265792 2 31 31
9221120237041090560 13912488334092803760 4665806923665179493 4684499521257955072 4643529861721065960 2 40 40
4639481672377565184 4636737291354636288 4632233691727265792 0 4632233691727265792 3 31 1
13919332218128746762 13916218524974192232 4665885208342131062 4693231275410239812 4650867522561943005 3 29 29
4639481672377565184 4636737291354636288 4632233691727265792 4741671816366391296 4632233691727265792 0 18 1
4641240890982006784 4641240890982006784 4607182418800017408 0 4632233691727265792 2 63 5
4641240890982006784 4641240890982006784 4607182418800017408 0 4632233691727265792 1 9 2
4639481672377565184 4636737291354636288 4632233691727265792 0 4632233691727265792 2 31 5
4641240890982006784 4641240890982006784 4607182418800017408 4741671816366391296 4632233691727265792 2 21 21
9221120237041090560 13916878548716099479 4665861554822288545 4695833719307713546 4651841835631887727 2 54 54
4639481672377565184 4636737291354636288 4632233691727265792 0 4632233691727265792 3 71 1
4696617004715584776 13914354217808667088 4665840607816045144 13911359351782257652 4650824754492979175 0 15 1
4639481672377565184 4636737291354636288 4632233691727265792 4741671816366391296 4632233691727265792 0 41 1
4641240890982006784 4641240890982006784 4607182418800017408 0 4632233691727265792 2 47 5
4641240890982006784 4641240890982006784 4607182418800017408 0 4632233691727265792 1 49 2
4639481672377565184 4636737291354636288 4632233691727265792 0 4632233691727265792 2 44 5
4641240890982006784 4641240890982006784 4607182418800017408 4741671816366391296 4632233691727265792 2 52 52
9221120237041090560 4686845543262476928 4662889770341382522 13899906609639648032 4644745870570558851 2 27 27
4639481672377565184 4636737291354636288 4632233691727265792 0 4632233691727265792 3 60 1
4693162542283158894 13902846851867455592 4657805179006674732 13914874164208037510 4649481905513952497 2 59 5
4639481672377565184 4636737291354636288 4632233691727265792 4741671816366391296 4632233691727265792 0 62 1
4641240890982006784 4641240890982006784 4607182418800017408 0 4632233691727265792 2 35 5
4641240890982006784 4641240890982006784 4607182418800017408 0 4632233691727265792 1 22 2
4639481672377565184 4636737291354636288 4632233691727265792 0 4632233691727265792 2 38 5
4641240890982006784 4641240890982006784 4607182418800017408 4741671816366391296 4632233691727265792 2 22 22
9221120237041090560 4696302048651269442 4666658158487782966 13916906219413682561 4639193876918885040 2 36 36
4639481672377565184 4636737291354636288 4632233691727265792 0 4632233691727265792 3 42 1
13912077727179457340 13914255007972333614 4664287902313083984 13916731968197440502 4647564554508862626 0 20 1
4639481672377565184 4636737291354636288 4632233691727265792 4741671816366391296 4632233691727265792 0 32 1
4641240890982006784 4641240890982006784 4607182418800017408 0 4632233691727265792 2 78 5
4641240890982006784 4641240890982006784 4607182418800017408 0 4632233691727265792 1 1 2
4639481672377565184 4636737291354636288 4632233691727265792 0 4632233691727265792 2 67 5
4641240890982006784 4641240890982006784 4607182418800017408 4741671816366391296 4632233691727265792 2 56 56
9221120237041090560 13907394293079550420 4664644795286754861 4695123015536556530 4647359770529005728 2 45 45
4639481672377565184 4636737291354636288 4632233691727265792 0 4632233691727265792 3 52 1
4695777176002640796 4693406822838225708 4645893992689294075 13911251214875542768 4644178124513601585 3 30 1
4639481672377565184 4636737291354636288 4632233691727265792 4741671816366391296 4632233691727265792 0 48 1
4641240890982006784 4641240890982006784 4607182418800017408 0 4632233691727265792 2 42 5
4641240890982006784 4641240890982006784 4607182418800017408 0 4632233691727265792 1 47 2
4639481672377565184 4636737291354636288 4632233691727265792 0 4632233691727265792 2 16 5
4641240890982006784 4641240890982006784 4607182418800017408 4741671816366391296 4632233691727265792 2 76 76
9221120237041090560 13912016982797012050 4662341981903280688 13913585225153062962 4651996619511114687 2 42 42
4639481672377565184 4636737291354636288 4632233691727265792 0 4632233691727265792 3 69 1
4675657082663172912 4695878678843714828 4658865644136259953 13918833775821580050 4639018856779314095 2 48 5
4639481672377565184 4636737291354636288 4632233691727265792 4741671816366391296 4632233691727265792 0 22 1
4641240890982006784 4641240890982006784 4607182418800017408 0 4632233691727265792 2 24 5
4641240890982006784 4641240890982006784 4607182418800017408 0 4632233691727265792 1 55 2
4639481672377565184 4636737291354636288 4632233691727265792 0 4632233691727265792 2 68 5
4641240890982006784 4641240890982006784 4607182418800017408 4741671816366391296 4632233691727265792 2 42 42
9221120237041090560 4695483992206840790 4652674398315611919 13914638311011811104 4638715629523259665 2 51 51
4639481672377565184 4636737291354636288 4632233691727265792 0 4632233691727265792 3 2 1
13915087779955012974 13900167761597740144 4662333838781371449 13916249869249293929 4650385762679149752 2 42 5
4639481672377565184 4636737291354636288 4632233691727265792 4741671816366391296 4632233691727265792 0 64 1
4641240890982006784 4641240890982006784 4607182418800017408 0 4632233691727265792 2 6 5
4641240890982006784 4641240890982006784 4607182418800017408 0 4632233691727265792 1 3 2
4639481672377565184 4636737291354636288 4632233691727265792 0 4632233691727265792 2 3 5
4641240890982006784 4641240890982006784 4607182418800017408 4741671816366391296 4632233691727265792 2 71 71
9221120237041090560 4695476443751619386 4660966164307546533 4696742316922191540 4644332469108691347 2 3 3
4639481672377565184 4636737291354636288 4632233691727265792 0 4632233691727265792 3 79 1
13911509835002785460 4692136533295357540 4666466760305244470 13918388422516780629 4647080103006717284 0 70 70
4639481672377565184 4636737291354636288 4632233691727265792 4741671816366391296 4632233691727265792 0 72 1
4641240890982006784 4641240890982006784 4607182418800017408 0 4632233691727265792 2 0 5
4641240890982006784 4641240890982006784 4607182418800017408 0 4632233691727265792 1 48 2
4639481672377565184 4636737291354636288 4632233691727265792 0 4632233691727265792 2 9 5
4641240890982006784 4641240890982006784 4607182418800017408 4741671816366391296 4632233691727265792 2 25 25
9221120237041090560 4690250683321090384 4665767525206234304 13916374937993413125 4648259886903358518 2 18 18
4639481672377565184 4636737291354636288 4632233691727265792 0 4632233691727265792 3 28 1
4683382085295714080 13912689981067889926 4653718590998078722 4684037309018389488 4649309415740306883 0 69 1
4639481672377565184 4636737291354636288 4632233691727265792 4741671816366391296 4632233691727265792 0 79 1
4641240890982006784 4641240890982006784 4607182418800017408 0 4632233691727265792 2 27 5
4641240890982006784 4641240890982006784 4607182418800017408 0 4632233691727265792 1 45 2
4639481672377565184 4636737291354636288 4632233691727265792 0 4632233691727265792 2 0 5
4641240890982006784 4641240890982006784 4607182418800017408 4741671816366391296 4632233691727265792 2 78 78
9221120237041090560 4684146041674870568 4657095361220069587 13911959472922374958 4634376441491693286 2 8 8
4639481672377565184 4636737291354636288 4632233691727265792 0 4632233691727265792 3 76 1
4693022466090926746 13916488963282713126 4664604769261370076 4695901690961921994 4651177063291376923 1 65 1
4639481672377565184 4636737291354636288 4632233691727265792 4741671816366391296 4632233691727265792 0 72 1
4641240890982006784 4641240890982006784 4607182418800017408 0 4632233691727265792 2 49 5
4641240890982006784 4641240890982006784 4607182418800017408 0 4632233691727265792 1 18 2
4639481672377565184 4636737291354636288 4632233691727265792 0 4632233691727265792 2 70 5
4641240890982006784 4641240890982006784 4607182418800017408 4741671816366391296 4632233691727265792 2 2 2
9221120237041090560 4688613602488554116 4658119637984003080 13898032926585057408 4651840679608299949 2 14 14
4639481672377565184 4636737291354636288 4632233691727265792 0 4632233691727265792 3 30 1
4694146140688262610 4694340990761362304 4662898001140097090 4680156372538688656 4644492096339211343 3 38 38
4639481672377565184 4636737291354636288 4632233691727265792 4741671816366391296 4632233691727265792 0 21 1
4641240890982006784 4641240890982006784 4607182418800017408 0 4632233691727265792 2 44 5
4641240890982006784 4641240890982006784 4607182418800017408 0 4632233691727265792 1 29 2
4639481672377565184 4636737291354636288 4632233691727265792 0 4632233691727265792 2 33 5
4641240890982006784 4641240890982006784 4607182418800017408 4741671816366391296 4632233691727265792 2 18 18
9221120237041090560 13914858009290101384 4663595666656071378 13919861406113261855 4640638145351605318 2 10 10
4639481672377565184 4636737291354636288 4632233691727265792 0 4632233691727265792 3 16 1
13919802088511744582 13911726306433568356 4664406706829804928 4689075629764553240 4648368297718582828 2 19 19
4639481672377565184 4636737291354636288 4632233691727265792 4741671816366391296 4632233691727265792 0 7 1
4641240890982006784 4641240890982006784 4607182418800017408 0 4632233691727265792 2 5 5
4641240890982006784 4641240890982006784 4607182418800017408 0 4632233691727265792 1 27 2
4639481672377565184 4636737291354636288 4632233691727265792 0 4632233691727265792 2 64 5
4641240890982006784 4641240890982006784 4607182418800017408 4741671816366391296 4632233691727265792 2 50 50
9221120237041090560 13919361234401452110 4647420928380949804 13910116794154279020 4646482883182307251 2 18 18
4639481672377565184 4636737291354636288 4632233691727265792 0 4632233691727265792 3 48 1
4689335868857548916 13916491900890036248 4658823210926326938 13914072872588892510 4637649277190826654 3 16 1
4639481672377565184 4636737291354636288 4632233691727265792 4741671816366391296 4632233691727265792 0 2 1
4641240890982006784 4641240890982006784 4607182418800017408 0 4632233691727265792 2 0 5
4641240890982006784 4641240890982006784 4607182418800017408 0 4632233691727265792 1 38 2
4639481672377565184 4636737291354636288 4632233691727265792 0 4632233691727265792 2 77 5
4641240890982006784 4641240890982006784 4607182418800017408 4741671816366391296 4632233691727265792 2 69 69
9221120237041090560 4696278572458443872 4666688030372080220 4688221130755876496 4645480788354538153 2 58 58
4639481672377565184 4636737291354636288 4632233691727265792 0 4632233691727265792 3 65 1
4683043560589734496 4695777507573523220 4663388468992731543 4695246568188953670 4650411288025151600 1 0 0
4639481672377565184 4636737291354636288 4632233691727265792 4741671816366391296 4632233691727265792 0 21 1
4641240890982006784 4641240890982006784 4607182418800017408 0 4632233691727265792 2 62 5
4641240890982006784 4641240890982006784 4607182418800017408 0 4632233691727265792 1 31 2
4639481672377565184 4636737291354636288 4632233691727265792 0 4632233691727265792 2 12 5
4641240890982006784 4641240890982006784 4607182418800017408 4741671816366391296 4632233691727265792 2 21 21
9221120237041090560 13918438433820612493 4666607796566322310 13912096274628899654 4642849338205332822 2 10 10
4639481672377565184 4636737291354636288 4632233691727265792 0 4632233691727265792 3 40 1
13908110498863079368 13912440972941800770 4655609805915317010 4692290327474385664 4650155704386571690 2 74 1
4639481672377565184 4636737291354636288 4632233691727265792 4741671816366391296 4632233691727265792 0 14 1
4641240890982006784 4641240890982006784 4607182418800017408 0 4632233691727265792 2 12 5
4641240890982006784 4641240890982006784 4607182418800017408 0 4632233691727265792 1 66 2
4639481672377565184 4636737291354636288 4632233691727265792 0 4632233691727265792 2 64 5
4641240890982006784 4641240890982006784 4607182418800017408 4741671816366391296 4632233691727265792 2 74 74
9221120237041090560 13917464961309062253 4665704935115890230 4674794620438878112 4652004387581136310 2 65 65
4639481672377565184 4636737291354636288 4632233691727265792 0 4632233691727265792 3 50 1
4684869649003145152 4689019065989998060 4656946268112126194 13913996069347669242 4649637743852122275 0 1 1
4639481672377565184 4636737291354636288 4632233691727265792 4741671816366391296 4632233691727265792 0 28 1
4641240890982006784 4641240890982006784 4607182418800017408 0 4632233691727265792 2 52 5
4641240890982006784 4641240890982006784 4607182418800017408 0 4632233691727265792 1 67 2
4639481672377565184 4636737291354636288 4632233691727265792 0 4632233691727265792 2 13 5
4641240890982006784 4641240890982006784 4607182418800017408 4741671816366391296 4632233691727265792 2 33 33
9221120237041090560 13917622772398929040 4665932778755681750 4680988160235165584 4645760854503939259 2 79 79
4639481672377565184 4636737291354636288 4632233691727265792 0 4632233691727265792 3 1 1
4693673361193877494 4695470385628733462 4660416543614545103 4694035558393513386 4645630012856806513 3 2 2
4639481672377565184 4636737291354636288 4632233691727265792 4741671816366391296 4632233691727265792 0 67 1
4641240890982006784 4641240890982006784 4607182418800017408 0 4632233691727265792 2 53 5
4641240890982006784 4641240890982006784 4607182418800017408 0 4632233691727265792 1 2 2
4639481672377565184 4636737291354636288 4632233691727265792 0 4632233691727265792 2 5 5
4641240890982006784 4641240890982006784 4607182418800017408 4741671816366391296 4632233691727265792 2 46 46
9221120237041090560 4683465049359736608 4665902101800821542 13907763017108186200 4628132930142000584 2 52 52
4639481672377565184 4636737291354636288 4632233691727265792 0 4632233691727265792 3 51 1
13916351174345462942 13916157614270235318 4664057446413858531 13916962796856433892 4643701963999372718 2 21 5
4639481672377565184 4636737291354636288 4632233691727265792 4741671816366391296 4632233691727265792 0 4 1
4641240890982006784 4641240890982006784 4607182418800017408 0 4632233691727265792 2 3 5
4641240890982006784 4641240890982006784 4607182418800017408 0 4632233691727265792 1 12 2
4639481672377565184 4636737291354636288 4632233691727265792 0 4632233691727265792 2 53 5
4641240890982006784 4641240890982006784 4607182418800017408 4741671816366391296 4632233691727265792 2 43 43
9221120237041090560 13916274977936106466 4665247262262876675 13920002259705535321 4650412952899529146 2 22 22
4639481672377565184 4636737291354636288 4632233691727265792 0 4632233691727265792 3 52 1
4693120592239842324 4686481991995629912 4657007954635322504 4690135716128805256 4647968195588380494 3 54 1
4639481672377565184 4636737291354636288 4632233691727265792 4741671816366391296 4632233691727265792 0 68 1
4641240890982006784 4641240890982006784 4607182418800017408 0 4632233691727265792 2 29 5
4641240890982006784 4641240890982006784 4607182418800017408 0 4632233691727265792 1 41 2
4639481672377565184 4636737291354636288 4632233691727265792 0 4632233691727265792 2 23 5
4641240890982006784 4641240890982006784 4607182418800017408 4741671816366391296 4632233691727265792 2 70 70
9221120237041090560 4690224319020421108 4638619913561566590 13905755505863934608 4639275305074521392 2 7 7
4639481672377565184 4636737291354636288 4632233691727265792 0 4632233691727265792 3 33 1
4689364244268119128 13910854006373786712 4663400493499842428 4696316795257427900 4607224987953724412 1 23 1
4639481672377565184 4636737291354636288 4632233691727265792 4741671816366391296 4632233691727265792 0 13 1
4641240890982006784 4641240890982006784 4607182418800017408 0 4632233691727265792 2 64 5
4641240890982006784 4641240890982006784 4607182418800017408 0 4632233691727265792 1 24 2
4639481672377565184 4636737291354636288 4632233691727265792 0 4632233691727265792 2 29 5
4641240890982006784 4641240890982006784 4607182418800017408 4741671816366391296 4632233691727265792 2 52 52
9221120237041090560 4694820928151303322 4657537874626324665 4688639133748004376 4641548859893391521 2 46 46
4639481672377565184 4636737291354636288 4632233691727265792 0 4632233691727265792 3 16 1
4695037321181973162 13919106892623254703 4658781954832044913 13913447625155554386 4646611802721247265 2 68 5
4639481672377565184 4636737291354636288 4632233691727265792 4741671816366391296 4632233691727265792 0 51 1
4641240890982006784 4641240890982006784 4607182418800017408 0 4632233691727265792 2 9 5
4641240890982006784 4641240890982006784 4607182418800017408 0 4632233691727265792 1 24 2
4639481672377565184 4636737291354636288 4632233691727265792 0 4632233691727265792 2 66 5
4641240890982006784 4641240890982006784 4607182418800017408 4741671816366391296 4632233691727265792 2 49 49
9221120237041090560 4688580023537828896 4662563878903272613 4688655041406091768 4649169492816872564 2 9 9
4639481672377565184 4636737291354636288 4632233691727265792 0 4632233691727265792 3 48 1
13916905553480088569 13919577511817099509 4647074343587702614 13919502593594051376 4639783742521876923 3 28 1
4639481672377565184 4636737291354636288 4632233691727265792 4741671816366391296 4632233691727265792 0 14 1
4641240890982006784 4641240890982006784 4607182418800017408 0 4632233691727265792 2 31 5
4641240890982006784 4641240890982006784 4607182418800017408 0 4632233691727265792 1 75 2
4639481672377565184 4636737291354636288 4632233691727265792 0 4632233691727265792 2 21 5
4641240890982006784 4641240890982006784 4607182418800017408 4741671816366391296 4632233691727265792 2 30 30
9221120237041090560 13917485363104683856 4666141093163024713 4696508102610404330 4649758885690765660 2 11 11
4639481672377565184 4636737291354636288 4632233691727265792 0 4632233691727265792 3 13 1
13916246287517580638 13912105519008757080 4658303868599119354 13916140021531227970 4650747347858279070 1 54 54
4639481672377565184 4636737291354636288 4632233691727265792 4741671816366391296 4632233691727265792 0 36 1
4641240890982006784 4641240890982006784 4607182418800017408 0 4632233691727265792 2 46 5
4641240890982006784 4641240890982006784 4607182418800017408 0 4632233691727265792 1 1 2
4639481672377565184 4636737291354636288 4632233691727265792 0 4632233691727265792 2 34 5
4641240890982006784 4641240890982006784 4607182418800017408 4741671816366391296 4632233691727265792 2 26 26
9221120237041090560 4692933485092257078 4654261817049531126 4691632028325495952 4648658007281715054 2 73 73
4639481672377565184 4636737291354636288 4632233691727265792 0 4632233691727265792 3 13 1
4681999764728719328 4693957636882941126 4659076079690023107 4692951636531020002 4640501330899585864 3 20 20
4639481672377565184 4636737291354636288 4632233691727265792 4741671816366391296 4632233691727265792 0 60 1
4641240890982006784 4641240890982006784 4607182418800017408 0 4632233691727265792 2 54 5
4641240890982006784 4641240890982006784 4607182418800017408 0 4632233691727265792 1 12 2
4639481672377565184 4636737291354636288 4632233691727265792 0 4632233691727265792 2 16 5
4641240890982006784 4641240890982006784 4607182418800017408 4741671816366391296 4632233691727265792 2 64 64
9221120237041090560 13918081053506633738 4663875364331454169 4694881688174986514 4646070947548448380 2 51 51
4639481672377565184 4636737291354636288 4632233691727265792 0 4632233691727265792 3 4 1
4693209946967269814 13919339847441676715 4658798236727667697 4696027066251900082 4646700446192838466 0 28 1
4639481672377565184 4636737291354636288 4632233691727265792 4741671816366391296 4632233691727265792 0 57 1
4641240890982006784 4641240890982006784 4607182418800017408 0 4632233691727265792 2 28 5
4641240890982006784 4641240890982006784 4607182418800017408 0 4632233691727265792 1 6 2
4639481672377565184 4636737291354636288 4632233691727265792 0 4632233691727265792 2 41 5
4641240890982006784 4641240890982006784 4607182418800017408 4741671816366391296 4632233691727265792 2 24 24
9221120237041090560 4694797330273359148 4652322218923139384 13918560319361750874 4650723521969059175 2 78 78
4639481672377565184 4636737291354636288 4632233691727265792 0 4632233691727265792 3 77 1
4692309542667826752 4678384570230870240 4663533426345646081 4696532693015722214 4647965928992999200 2 76 1
4639481672377565184 4636737291354636288 4632233691727265792 4741671816366391296 4632233691727265792 0 29 1
4641240890982006784 4641240890982006784 4607182418800017408 0 4632233691727265792 2 66 5
4641240890982006784 4641240890982006784 4607182418800017408 0 4632233691727265792 1 24 2
4639481672377565184 4636737291354636288 4632233691727265792 0 4632233691727265792 2 46 5
4641240890982006784 4641240890982006784 4607182418800017408 4741671816366391296 4632233691727265792 2 64 64
9221120237041090560 13916076282584023025 4659107876334019341 4689467793773801248 4639545069864272181 2 5 5
4639481672377565184 4636737291354636288 4632233691727265792 0 4632233691727265792 3 34 1
13918858296353951520 13915967978558126854 4666248867480214445 13912898601156050460 4648812008126849969 3 14 14
4639481672377565184 4636737291354636288 4632233691727265792 4741671816366391296 4632233691727265792 0 56 1
4641240890982006784 4641240890982006784 4607182418800017408 0 4632233691727265792 2 72 5
4641240890982006784 4641240890982006784 4607182418800017408 0 4632233691727265792 1 3 2
4639481672377565184 4636737291354636288 4632233691727265792 0 4632233691727265792 2 33 5
4641240890982006784 4641240890982006784 4607182418800017408 4741671816366391296 4632233691727265792 2 2 2
9221120237041090560 4693842601312771302 4665529715889616357 13917216496932621644 4626827070796862021 2 14 14
4639481672377565184 4636737291354636288 4632233691727265792 0 4632233691727265792 3 3 1
4665822607132799808 13919868752223168170 4655165766938817569 13916335766938828750 4651502376380066021 1 27 2
4639481672377565184 4636737291354636288 4632233691727265792 4741671816366391296 4632233691727265792 0 62 1
4641240890982006784 4641240890982006784 4607182418800017408 0 4632233691727265792 2 7 5
4641240890982006784 4641240890982006784 4607182418800017408 0 4632233691727265792 1 72 2
4639481672377565184 4636737291354636288 4632233691727265792 0 4632233691727265792 2 77 5
4641240890982006784 4641240890982006784 4607182418800017408 4741671816366391296 4632233691727265792 2 1 1
9221120237041090560 13919429716047122548 4650023569084646742 4695541303141562716 4640361694702563126 2 57 57
4639481672377565184 4636737291354636288 4632233691727265792 0 4632233691727265792 3 25 1
4688141718957957592 4689590931135561884 4658617306910004345 13914251274415641734 4648871155479881512 2 68 5
4639481672377565184 4636737291354636288 4632233691727265792 4741671816366391296 4632233691727265792 0 38 1
4641240890982006784 4641240890982006784 4607182418800017408 0 4632233691727265792 2 49 5
4641240890982006784 4641240890982006784 4607182418800017408 0 4632233691727265792 1 40 2
4639481672377565184 4636737291354636288 4632233691727265792 0 4632233691727265792 2 10 5
4641240890982006784 4641240890982006784 4607182418800017408 4741671816366391296 4632233691727265792 2 6 6
9221120237041090560 13918826995594828200 4665961663577974834 4691391941443429304 4647847079951968508 2 36 36
4639481672377565184 4636737291354636288 4632233691727265792 0 4632233691727265792 3 67 1
13913122380683239170 13913512594557371708 4665928380790468011 4691755510066223472 4634533504105405193 2 14 1
4639481672377565184 4636737291354636288 4632233691727265792 4741671816366391296 4632233691727265792 0 39 1
4641240890982006784 4641240890982006784 4607182418800017408 0 4632233691727265792 2 8 5
4641240890982006784 4641240890982006784 4607182418800017408 0 4632233691727265792 1 0 2
4639481672377565184 4636737291354636288 4632233691727265792 0 4632233691727265792 2 25 5
4641240890982006784 4641240890982006784 4607182418800017408 4741671816366391296 4632233691727265792 2 4 4
9221120237041090560 13913570658076212738 4662597211927139616 13912712911793409008 4648875040443207824 2 32 32
4639481672377565184 4636737291354636288 4632233691727265792 0 4632233691727265792 3 17 1
13912000341309820186 13911765314800689030 4665345150344196929 13919992207110360478 4649032223376401855 0 37 37
4639481672377565184 4636737291354636288 4632233691727265792 4741671816366391296 4632233691727265792 0 58 1
4641240890982006784 4641240890982006784 4607182418800017408 0 4632233691727265792 2 35 5
4641240890982006784 4641240890982006784 4607182418800017408 0 4632233691727265792 1 62 2
4639481672377565184 4636737291354636288 4632233691727265792 0 4632233691727265792 2 27 5
4641240890982006784 4641240890982006784 4607182418800017408 4741671816366391296 4632233691727265792 2 17 17
9221120237041090560 4695027049260469880 4664497354633229675 13917866344368255960 4648295217396823085 2 14 14
4639481672377565184 4636737291354636288 4632233691727265792 0 4632233691727265792 3 17 1
13908623819812803520 4689256217867952984 4662021809466452136 4694606638467550840 4651322016740483816 2 71 71
4639481672377565184 4636737291354636288 4632233691727265792 4741671816366391296 4632233691727265792 0 53 1
4641240890982006784 4641240890982006784 4607182418800017408 0 4632233691727265792 2 72 5
4641240890982006784 4641240890982006784 4607182418800017408 0 4632233691727265792 1 66 2
4639481672377565184 4636737291354636288 4632233691727265792 0 4632233691727265792 2 64 5
4641240890982006784 4641240890982006784 4607182418800017408 4741671816366391296 4632233691727265792 2 52 52
9221120237041090560 13908369094485868400 4624111388700477720 13913653333183144306 4637221471004875099 2 70 70
4639481672377565184 4636737291354636288 4632233691727265792 0 4632233691727265792 3 46 1
4688564033856102196 4696404964657419528 4658676141581642806 4691886235915447944 4635334391226919466 0 25 25
4639481672377565184 4636737291354636288 4632233691727265792 4741671816366391296 4632233691727265792 0 17 1
4641240890982006784 4641240890982006784 4607182418800017408 0 4632233691727265792 2 24 5
4641240890982006784 4641240890982006784 4607182418800017408 0 4632233691727265792 1 13 2
4639481672377565184 4636737291354636288 4632233691727265792 0 4632233691727265792 2 77 5
4641240890982006784 4641240890982006784 4607182418800017408 4741671816366391296 4632233691727265792 2 3 3
9221120237041090560 13913168705385551872 4663385761690689814 4685264423514222784 4649750324021706462 2 0 0
4639481672377565184 4636737291354636288 4632233691727265792 0 4632233691727265792 3 14 1
4694925090289498116 13901629428122898032 4650382806497149860 4693091902527549360 4648108645522823150 2 37 5
4639481672377565184 4636737291354636288 4632233691727265792 4741671816366391296 4632233691727265792 0 76 1
4641240890982006784 4641240890982006784 4607182418800017408 0 4632233691727265792 2 52 5
4641240890982006784 4641240890982006784 4607182418800017408 0 4632233691727265792 1 78 2
4639481672377565184 4636737291354636288 4632233691727265792 0 4632233691727265792 2 18 5
4641240890982006784 4641240890982006784 4607182418800017408 4741671816366391296 4632233691727265792 2 29 29
9221120237041090560 4689995067124725244 4666206761242190794 4692195816220470856 4651930474156703499 2 39 39
4639481672377565184 4636737291354636288 4632233691727265792 0 4632233691727265792 3 4 1
4677711758884162016 4694452778986422798 4664178564099044350 13916724463575713374 4649795679323903798 0 44 44
4639481672377565184 4636737291354636288 4632233691727265792 4741671816366391296 4632233691727265792 0 48 1
4641240890982006784 4641240890982006784 4607182418800017408 0 4632233691727265792 2 61 5
4641240890982006784 4641240890982006784 4607182418800017408 0 4632233691727265792 1 5 2
4639481672377565184 4636737291354636288 4632233691727265792 0 4632233691727265792 2 61 5
4641240890982006784 4641240890982006784 4607182418800017408 4741671816366391296 4632233691727265792 2 20 20
9221120237041090560 4685316952687310608 4661793519384198688 4696121364821374998 4649774055847210114 2 40 40
4639481672377565184 4636737291354636288 4632233691727265792 0 4632233691727265792 3 31 1
13905259772708329736 4690387883079427252 4663423430520837168 4682115584479542704 4648953401227817912 2 46 46
4639481672377565184 4636737291354636288 4632233691727265792 4741671816366391296 4632233691727265792 0 38 1
4641240890982006784 4641240890982006784 4607182418800017408 0 4632233691727265792 2 56 5
4641240890982006784 4641240890982006784 4607182418800017408 0 4632233691727265792 1 43 2
4639481672377565184 4636737291354636288 4632233691727265792 0 4632233691727265792 2 67 5
4641240890982006784 4641240890982006784 4607182418800017408 4741671816366391296 4632233691727265792 2 47 47
9221120237041090560 13910583351849853964 4661700179310096769 4686281489620983456 4646017464002756911 2 1 1
4639481672377565184 4636737291354636288 4632233691727265792 0 4632233691727265792 3 61 1
13916591239429080404 4688301992697340272 4666342443673753564 4695653190974881392 4644400513775291638 2 20 20
4639481672377565184 4636737291354636288 4632233691727265792 4741671816366391296 4632233691727265792 0 42 1
4641240890982006784 4641240890982006784 4607182418800017408 0 4632233691727265792 2 33 5
4641240890982006784 4641240890982006784 4607182418800017408 0 4632233691727265792 1 55 2
4639481672377565184 4636737291354636288 4632233691727265792 0 4632233691727265792 2 63 5
4641240890982006784 4641240890982006784 4607182418800017408 4741671816366391296 4632233691727265792 2 67 67
9221120237041090560 13918088946496730828 4664440969268634185 4689841065954796116 4649980534044144609 2 54 54
4639481672377565184 4636737291354636288 4632233691727265792 0 4632233691727265792 3 76 1
13917271247395923137 4689144317933017464 4664447380534018139 13918546072308683801 4644396984703559427 2 23 5
4639481672377565184 4636737291354636288 4632233691727265792 4741671816366391296 4632233691727265792 0 24 1
4641240890982006784 4641240890982006784 4607182418800017408 0 4632233691727265792 2 66 5
4641240890982006784 4641240890982006784 4607182418800017408 0 4632233691727265792 1 74 2
4639481672377565184 4636737291354636288 4632233691727265792 0 4632233691727265792 2 52 5
4641240890982006784 4641240890982006784 4607182418800017408 4741671816366391296 4632233691727265792 2 50 50
9221120237041090560 4690697672254371988 4657255998465428455 4696730343859662242 4639505358064414736 2 69 69
4639481672377565184 4636737291354636288 4632233691727265792 0 4632233691727265792 3 26 1
13913678382426455738 13919219209633080556 4661644016956565524 13906862719735498576 4638744233115055091 1 58 1
4639481672377565184 4636737291354636288 4632233691727265792 4741671816366391296 4632233691727265792 0 20 1
4641240890982006784 4641240890982006784 4607182418800017408 0 4632233691727265792 2 43 5
4641240890982006784 4641240890982006784 4607182418800017408 0 4632233691727265792 1 49 2
4639481672377565184 4636737291354636288 4632233691727265792 0 4632233691727265792 2 40 5
4641240890982006784 4641240890982006784 4607182418800017408 4741671816366391296 4632233691727265792 2 50 50
9221120237041090560 4693622811850198976 4654723831255669191 4681827020816268720 4645774653305290939 2 55 55
4639481672377565184 4636737291354636288 4632233691727265792 0 4632233691727265792 3 28 1
4691637087359400324 4693923466794887140 4651568412150880684 4692761482826665726 4647145792327789306 0 34 34
4639481672377565184 4636737291354636288 4632233691727265792 4741671816366391296 4632233691727265792 0 39 1
4641240890982006784 4641240890982006784 4607182418800017408 0 4632233691727265792 2 74 5
4641240890982006784 4641240890982006784 4607182418800017408 0 4632233691727265792 1 8 2
4639481672377565184 4636737291354636288 4632233691727265792 0 4632233691727265792 2 15 5
4641240890982006784 4641240890982006784 4607182418800017408 4741671816366391296 4632233691727265792 2 57 57
9221120237041090560 13919992107755852086 4654562429135003943 4695667510132939914 4645546085848845659 2 6 6
4639481672377565184 4636737291354636288 4632233691727265792 0 4632233691727265792 3 26 1
4692277937615359608 13920097416130272359 4663975141505602702 13908378867663698400 4650501055667814379 0 58 1
4639481672377565184 4636737291354636288 4632233691727265792 4741671816366391296 4632233691727265792 0 79 1
4641240890982006784 4641240890982006784 4607182418800017408 0 4632233691727265792 2 76 5
4641240890982006784 4641240890982006784 4607182418800017408 0 4632233691727265792 1 38 2
4639481672377565184 4636737291354636288 4632233691727265792 0 4632233691727265792 2 43 5
4641240890982006784 4641240890982006784 4607182418800017408 4741671816366391296 4632233691727265792 2 12 12
9221120237041090560 4694386159651174334 4663440235812952218 13917786584655230796 4643638946896203294 2 69 69
4639481672377565184 4636737291354636288 4632233691727265792 0 4632233691727265792 3 32 1
13912378629354734294 13916885839438321922 4657897637837153025 13917261209069292720 4648732237924370524 3 36 1
4639481672377565184 4636737291354636288 4632233691727265792 4741671816366391296 4632233691727265792 0 30 1
4641240890982006784 4641240890982006784 4607182418800017408 0 4632233691727265792 2 21 5
4641240890982006784 4641240890982006784 4607182418800017408 0 4632233691727265792 1 27 2
4639481672377565184 4636737291354636288 4632233691727265792 0 4632233691727265792 2 36 5
4641240890982006784 4641240890982006784 4607182418800017408 4741671816366391296 4632233691727265792 2 74 74
9221120237041090560 13901762678611514944 4661285432081872625 13917414532634944324 4646960889519890261 2 3 3
4639481672377565184 4636737291354636288 4632233691727265792 0 4632233691727265792 3 53 1
13917524753270308608 4685236818302611976 4660762676682642130 13897080582249999200 4647968232635597239 1 17 17
4639481672377565184 4636737291354636288 4632233691727265792 4741671816366391296 4632233691727265792 0 4 1
4641240890982006784 4641240890982006784 4607182418800017408 0 4632233691727265792 2 23 5
4641240890982006784 4641240890982006784 4607182418800017408 0 4632233691727265792 1 67 2
4639481672377565184 4636737291354636288 4632233691727265792 0 4632233691727265792 2 24 5
4641240890982006784 4641240890982006784 4607182418800017408 4741671816366391296 4632233691727265792 2 52 52
9221120237041090560 13913491884362975650 4666112464403139772 4691739052557955636 4650046813502698607 2 10 10
4639481672377565184 4636737291354636288 4632233691727265792 0 4632233691727265792 3 8 1
13918836932944815728 4695757359755777708 4644171281317995210 4694323625462172898 4651834207395104105 1 64 64
4639481672377565184 4636737291354636288 4632233691727265792 4741671816366391296 4632233691727265792 0 38 1
4641240890982006784 4641240890982006784 4607182418800017408 0 4632233691727265792 2 64 5
4641240890982006784 4641240890982006784 4607182418800017408 0 4632233691727265792 1 63 2
4639481672377565184 4636737291354636288 4632233691727265792 0 4632233691727265792 2 2 5
4641240890982006784 4641240890982006784 4607182418800017408 4741671816366391296 4632233691727265792 2 51 51
9221120237041090560 13917745956331966660 4658545488218574062 4695424744351350740 4650033203692700898 2 59 59
4639481672377565184 4636737291354636288 4632233691727265792 0 4632233691727265792 3 48 1
4687862659656479184 4695085210921442032 4661551349962447485 13916987398715370328 4648919696504432809 0 28 28
4639481672377565184 4636737291354636288 4632233691727265792 4741671816366391296 4632233691727265792 0 53 1
4641240890982006784 4641240890982006784 4607182418800017408 0 4632233691727265792 2 45 5
4641240890982006784 4641240890982006784 4607182418800017408 0 4632233691727265792 1 59 2
4639481672377565184 4636737291354636288 4632233691727265792 0 4632233691727265792 2 36 5
4641240890982006784 4641240890982006784 4607182418800017408 4741671816366391296 4632233691727265792 2 41 41
9221120237041090560 4694536486281211872 4665533042413804595 13917967303968984290 4643750608117525823 2 24 24
4639481672377565184 4636737291354636288 4632233691727265792 0 4632233691727265792 3 21 1
4690446442762556912 4692991478674073846 4666108805767412823 4681657375102618128 4651847296381791932 1 14 2
4639481672377565184 4636737291354636288 4632233691727265792 4741671816366391296 4632233691727265792 0 27 1
4641240890982006784 4641240890982006784 4607182418800017408 0 4632233691727265792 2 49 5
4641240890982006784 4641240890982006784 4607182418800017408 0 4632233691727265792 1 77 2
4639481672377565184 4636737291354636288 4632233691727265792 0 4632233691727265792 2 23 5
4641240890982006784 4641240890982006784 4607182418800017408 4741671816366391296 4632233691727265792 2 13 13
9221120237041090560 4693718866817793432 4664462458470123905 4694096492634733974 4650313632977467047 2 77 77
4639481672377565184 4636737291354636288 4632233691727265792 0 4632233691727265792 3 10 1
4683989077332876656 13918533924673320722 4661890000249863277 4694905942274054420 4647433343883102915 3 23 1
4639481672377565184 4636737291354636288 4632233691727265792 4741671816366391296 4632233691727265792 0 14 1
4641240890982006784 4641240890982006784 4607182418800017408 0 4632233691727265792 2 36 5
4641240890982006784 4641240890982006784 4607182418800017408 0 4632233691727265792 1 56 2
4639481672377565184 4636737291354636288 4632233691727265792 0 4632233691727265792 2 61 5
4641240890982006784 4641240890982006784 4607182418800017408 4741671816366391296 4632233691727265792 2 77 77
9221120237041090560 4696122607175781952 4665786463979288006 13912051719750184056 4644946555484268460 2 54 54
4639481672377565184 4636737291354636288 4632233691727265792 0 4632233691727265792 3 30 1
13911791527199903716 13917575486912371898 4650753681395516402 4690649926723603672 4651830085843652564 2 18 1
4639481672377565184 4636737291354636288 4632233691727265792 4741671816366391296 4632233691727265792 0 54 1
4641240890982006784 4641240890982006784 4607182418800017408 0 4632233691727265792 2 59 5
4641240890982006784 4641240890982006784 4607182418800017408 0 4632233691727265792 1 15 2
4639481672377565184 4636737291354636288 4632233691727265792 0 4632233691727265792 2 23 5
4641240890982006784 4641240890982006784 4607182418800017408 4741671816366391296 4632233691727265792 2 45 45
9221120237041090560 13917178318727609592 4665711333449092398 4685900624978632816 4646938232922265357 2 13 13
4639481672377565184 4636737291354636288 4632233691727265792 0 4632233691727265792 3 17 1
4692865793463869730 13917747835980726529 4651201186293629929 13916779654500009427 4647381253327432081 3 78 1
4639481672377565184 4636737291354636288 4632233691727265792 4741671816366391296 4632233691727265792 0 1 1
4641240890982006784 4641240890982006784 4607182418800017408 0 4632233691727265792 2 72 5
4641240890982006784 4641240890982006784 4607182418800017408 0 4632233691727265792 1 19 2
4639481672377565184 4636737291354636288 4632233691727265792 0 4632233691727265792 2 50 5
4641240890982006784 4641240890982006784 4607182418800017408 4741671816366391296 4632233691727265792 2 1 1
9221120237041090560 4690469973297080632 4660517201723267593 13918363338984394550 4645388601830169191 2 62 62
4639481672377565184 4636737291354636288 4632233691727265792 0 4632233691727265792 3 51 1
13910235983200868248 13914020708485165134 4650710268334511175 4693878962054459814 4649284202667405191 1 75 1
4639481672377565184 4636737291354636288 4632233691727265792 4741671816366391296 4632233691727265792 0 28 1
4641240890982006784 4641240890982006784 4607182418800017408 0 4632233691727265792 2 35 5
4641240890982006784 4641240890982006784 4607182418800017408 0 4632233691727265792 1 8 2
4639481672377565184 4636737291354636288 4632233691727265792 0 4632233691727265792 2 79 5
4641240890982006784 4641240890982006784 4607182418800017408 4741671816366391296 4632233691727265792 2 71 71
9221120237041090560 4691515558372740408 4660417923916599993 4693873403145895370 4645948643394220896 2 26 26
4639481672377565184 4636737291354636288 4632233691727265792 0 4632233691727265792 3 43 1
13915429024283086262 13904326072905267736 4655019479671050560 4691031888892896816 4649641896768728598 3 26 26
4639481672377565184 4636737291354636288 4632233691727265792 4741671816366391296 4632233691727265792 0 9 1
4641240890982006784 4641240890982006784 4607182418800017408 0 4632233691727265792 2 49 5
4641240890982006784 4641240890982006784 4607182418800017408 0 4632233691727265792 1 68 2
4639481672377565184 4636737291354636288 4632233691727265792 0 4632233691727265792 2 49 5
4641240890982006784 4641240890982006784 4607182418800017408 4741671816366391296 4632233691727265792 2 38 38
9221120237041090560 4690272886292114732 4658790929856959118 13911755610973377678 4640538802007974271 2 30 30
4639481672377565184 4636737291354636288 4632233691727265792 0 4632233691727265792 3 79 1
4684266518608104584 4675412940846491184 4659347341050345041 4691985118172727660 4635599369434579083 1 30 1
4639481672377565184 4636737291354636288 4632233691727265792 4741671816366391296 4632233691727265792 0 58 1
4641240890982006784 4641240890982006784 4607182418800017408 0 4632233691727265792 2 56 5
4641240890982006784 4641240890982006784 4607182418800017408 0 4632233691727265792 1 68 2
4639481672377565184 4636737291354636288 4632233691727265792 0 4632233691727265792 2 24 5
4641240890982006784 4641240890982006784 4607182418800017408 4741671816366391296 4632233691727265792 2 38 38
9221120237041090560 4694895746462223808 4648051821330899329 13916563720078332980 4649749561287739444 2 22 22
4639481672377565184 4636737291354636288 4632233691727265792 0 4632233691727265792 3 61 1
4690545520399885448 13903450130924940256 4666610630943903728 4694749488943535276 4646040853476071788 0 55 1
4639481672377565184 4636737291354636288 4632233691727265792 4741671816366391296 4632233691727265792 0 38 1
4641240890982006784 4641240890982006784 4607182418800017408 0 4632233691727265792 2 51 5
4641240890982006784 4641240890982006784 4607182418800017408 0 4632233691727265792 1 18 2
4639481672377565184 4636737291354636288 4632233691727265792 0 4632233691727265792 2 41 5
4641240890982006784 4641240890982006784 4607182418800017408 4741671816366391296 4632233691727265792 2 55 55
9221120237041090560 4674639187585590080 4665108021651713619 13916392855400839438 4634290149513343013 2 13 13
4639481672377565184 4636737291354636288 4632233691727265792 0 4632233691727265792 3 27 1
4692867354930306772 13919544829561176110 4666489393547395593 4688049523112750000 4648749404731747240 3 14 1
4639481672377565184 4636737291354636288 4632233691727265792 4741671816366391296 4632233691727265792 0 49 1
4641240890982006784 4641240890982006784 4607182418800017408 0 4632233691727265792 2 20 5
4641240890982006784 4641240890982006784 4607182418800017408 0 4632233691727265792 1 69 2
4639481672377565184 4636737291354636288 4632233691727265792 0 4632233691727265792 2 32 5
4641240890982006784 4641240890982006784 4607182418800017408 4741671816366391296 4632233691727265792 2 5 5
9221120237041090560 4694431117538322758 4665270056754781762 13912235065945264106 4649537689990919022 2 76 76
4639481672377565184 4636737291354636288 4632233691727265792 0 4632233691727265792 3 41 1
4682013730378175776 13917444739713017694 4666172520290948935 13919780921866415353 4645563275991632814 1 40 2
4639481672377565184 4636737291354636288 4632233691727265792 4741671816366391296 4632233691727265792 0 71 1
4641240890982006784 4641240890982006784 4607182418800017408 0 4632233691727265792 2 52 5
4641240890982006784 4641240890982006784 4607182418800017408 0 4632233691727265792 1 55 2
4639481672377565184 4636737291354636288 4632233691727265792 0 4632233691727265792 2 45 5
4641240890982006784 4641240890982006784 4607182418800017408 4741671816366391296 4632233691727265792 2 76 76
9221120237041090560 4693274827803225174 13858303944545521233 4692941902423325618 4649815123106804340 2 71 71
4639481672377565184 4636737291354636288 4632233691727265792 0 4632233691727265792 3 70 1
13904571505086609960 4696717132496914570 4664214998842383845 4694333236521722670 4651591772733840029 0 23 23
4639481672377565184 4636737291354636288 4632233691727265792 4741671816366391296 4632233691727265792 0 2 1
4641240890982006784 4641240890982006784 4607182418800017408 0 4632233691727265792 2 37 5
4641240890982006784 4641240890982006784 4607182418800017408 0 4632233691727265792 1 14 2
4639481672377565184 4636737291354636288 4632233691727265792 0 4632233691727265792 2 33 5
4641240890982006784 4641240890982006784 4607182418800017408 4741671816366391296 4632233691727265792 2 34 34
9221120237041090560 13910257220655216368 4655831559737361474 4687948598780767888 4648565428917333568 2 55 55
4639481672377565184 4636737291354636288 4632233691727265792 0 4632233691727265792 3 8 1
4680749111283146304 13914996364121513058 4655155978771665863 13899999964175666592 4650079649354882120 0 12 1
4639481672377565184 4636737291354636288 4632233691727265792 4741671816366391296 4632233691727265792 0 16 1
4641240890982006784 4641240890982006784 4607182418800017408 0 4632233691727265792 2 21 5
4641240890982006784 4641240890982006784 4607182418800017408 0 4632233691727265792 1 49 2
4639481672377565184 4636737291354636288 4632233691727265792 0 4632233691727265792 2 74 5
4641240890982006784 4641240890982006784 4607182418800017408 4741671816366391296 4632233691727265792 2 45 45
9221120237041090560 13910303706168278112 4665239652805445774 4693532149305637632 4646218609763231075 2 64 64
4639481672377565184 4636737291354636288 4632233691727265792 0 4632233691727265792 3 50 1
13910794824678167976 4688444446389563796 4663074047568550655 13919637376834657250 4644155908797883234 1 47 2
4639481672377565184 4636737291354636288 4632233691727265792 4741671816366391296 4632233691727265792 0 16 1
4641240890982006784 4641240890982006784 4607182418800017408 0 4632233691727265792 2 68 5
4641240890982006784 4641240890982006784 4607182418800017408 0 4632233691727265792 1 50 2
4639481672377565184 4636737291354636288 4632233691727265792 0 4632233691727265792 2 54 5
4641240890982006784 4641240890982006784 4607182418800017408 4741671816366391296 4632233691727265792 2 18 18
9221120237041090560 13916916034461167256 4652584689400309660 13914316085052401616 4649132627912170137 2 78 78
4639481672377565184 4636737291354636288 4632233691727265792 0 4632233691727265792 3 15 1
4692195655408850472 13914622579463719768 4646960361307063336 4694543299847246094 4650084531151851254 1 79 1
4639481672377565184 4636737291354636288 4632233691727265792 4741671816366391296 4632233691727265792 0 62 1
4641240890982006784 4641240890982006784 4607182418800017408 0 4632233691727265792 2 53 5
4641240890982006784 4641240890982006784 4607182418800017408 0 4632233691727265792 1 28 2
4639481672377565184 4636737291354636288 4632233691727265792 0 4632233691727265792 2 3 5
4641240890982006784 4641240890982006784 4607182418800017408 4741671816366391296 4632233691727265792 2 53 53
9221120237041090560 13905474164985613400 4658476264861887417 13913341934319950844 4634527889492890411 2 10 10
4639481672377565184 4636737291354636288 4632233691727265792 0 4632233691727265792 3 38 1
13914367320878797664 13915866679020595898 4651411030605629216 13915457060353544498 4651101080198299364 1 74 2
4639481672377565184 4636737291354636288 4632233691727265792 4741671816366391296 4632233691727265792 0 73 1
4641240890982006784 4641240890982006784 4607182418800017408 0 4632233691727265792 2 63 5
4641240890982006784 4641240890982006784 4607182418800017408 0 4632233691727265792 1 11 2
4639481672377565184 4636737291354636288 4632233691727265792 0 4632233691727265792 2 42 5
4641240890982006784 4641240890982006784 4607182418800017408 4741671816366391296 4632233691727265792 2 45 45
9221120237041090560 13919589325718623841 4661700455193668798 4689421757473754484 4646392984045199534 2 45 45
4639481672377565184 4636737291354636288 4632233691727265792 0 4632233691727265792 3 42 1
4694890198882146644 4693276334133243008 4658544708996994147 13919425582100143504 4645939737870573476 0 15 1
4639481672377565184 4636737291354636288 4632233691727265792 4741671816366391296 4632233691727265792 0 49 1
4641240890982006784 4641240890982006784 4607182418800017408 0 4632233691727265792 2 35 5
4641240890982006784 4641240890982006784 4607182418800017408 0 4632233691727265792 1 64 2
4639481672377565184 4636737291354636288 4632233691727265792 0 4632233691727265792 2 75 5
4641240890982006784 4641240890982006784 4607182418800017408 4741671816366391296 4632233691727265792 2 14 14
9221120237041090560 4683146260583189888 4666110909812187493 4690252193624687712 4650929258003269811 2 36 36
4639481672377565184 4636737291354636288 4632233691727265792 0 4632233691727265792 3 53 1
13919318786933396558 4690962074543579068 4662752861739129101 4696238850030322682 4648823693224868094 3 9 9
4639481672377565184 4636737291354636288 4632233691727265792 4741671816366391296 4632233691727265792 0 0 1
4641240890982006784 4641240890982006784 4607182418800017408 0 4632233691727265792 2 20 5
4641240890982006784 4641240890982006784 4607182418800017408 0 4632233691727265792 1 38 2
4639481672377565184 4636737291354636288 4632233691727265792 0 4632233691727265792 2 9 5
4641240890982006784 4641240890982006784 4607182418800017408 4741671816366391296 4632233691727265792 2 59 59
9221120237041090560 13916169336935593881 4666018163338121988 4693514038515487716 4616639425751042529 2 66 66
4639481672377565184 4636737291354636288 4632233691727265792 0 4632233691727265792 3 17 1
4696666276371462046 4688395500065397600 4664126960679138725 13899074982076025664 4638668344894057599 3 27 1
4639481672377565184 4636737291354636288 4632233691727265792 4741671816366391296 4632233691727265792 0 77 1
4641240890982006784 4641240890982006784 4607182418800017408 0 4632233691727265792 2 69 5
4641240890982006784 4641240890982006784 4607182418800017408 0 4632233691727265792 1 44 2
4639481672377565184 4636737291354636288 4632233691727265792 0 4632233691727265792 2 38 5
4641240890982006784 4641240890982006784 4607182418800017408 4741671816366391296 4632233691727265792 2 18 18
9221120237041090560 4687618157166558808 4652443893837040079 4691076525250194700 4650157930113300724 2 3 3
4639481672377565184 4636737291354636288 4632233691727265792 0 4632233691727265792 3 21 1
4687883860884289616 13912525733539304070 4649626335179750281 13918315828515495681 4631853706623514236 0 48 1
4639481672377565184 4636737291354636288 4632233691727265792 4741671816366391296 4632233691727265792 0 76 1
4641240890982006784 4641240890982006784 4607182418800017408 0 4632233691727265792 2 70 5
4641240890982006784 4641240890982006784 4607182418800017408 0 4632233691727265792 1 28 2
4639481672377565184 4636737291354636288 4632233691727265792 0 4632233691727265792 2 37 5
4641240890982006784 4641240890982006784 4607182418800017408 4741671816366391296 4632233691727265792 2 48 48
9221120237041090560 4675331885913503792 4666676240587262076 4658464652745177856 4651455165395623869 2 16 16
4639481672377565184 4636737291354636288 4632233691727265792 0 4632233691727265792 3 30 1
4696415921851172398 13911377727354862020 4662305943280295920 4694988725652470228 4650415840997655168 2 46 5
4639481672377565184 4636737291354636288 4632233691727265792 4741671816366391296 4632233691727265792 0 38 1
4641240890982006784 4641240890982006784 4607182418800017408 0 4632233691727265792 2 39 5
4641240890982006784 4641240890982006784 4607182418800017408 0 4632233691727265792 1 25 2
4639481672377565184 4636737291354636288 4632233691727265792 0 4632233691727265792 2 59 5
4641240890982006784 4641240890982006784 4607182418800017408 4741671816366391296 4632233691727265792 2 65 65
9221120237041090560 4692267003652697816 4653936921509512226 13908458695568056524 4650153342956754409 2 76 76
4639481672377565184 4636737291354636288 4632233691727265792 0 4632233691727265792 3 5 1
4695665262650240404 4695120082896315794 4660556231966968868 13906002167336942480 4649680963004386811 0 1 1
4639481672377565184 4636737291354636288 4632233691727265792 4741671816366391296 4632233691727265792 0 46 1
4641240890982006784 4641240890982006784 4607182418800017408 0 4632233691727265792 2 67 5
4641240890982006784 4641240890982006784 4607182418800017408 0 4632233691727265792 1 24 2
4639481672377565184 4636737291354636288 4632233691727265792 0 4632233691727265792 2 20 5
4641240890982006784 4641240890982006784 4607182418800017408 4741671816366391296 4632233691727265792 2 63 63
9221120237041090560 13916156182154684562 4665917940336553730 13920171936494651439 4648290532860164246 2 1 1
4639481672377565184 4636737291354636288 4632233691727265792 0 4632233691727265792 3 29 1
4696385742719637912 4695299550379029578 4650966447364733566 4696809221669853480 4650650603264715836 0 21 1
4639481672377565184 4636737291354636288 4632233691727265792 4741671816366391296 4632233691727265792 0 79 1
4641240890982006784 4641240890982006784 4607182418800017408 0 4632233691727265792 2 65 5
4641240890982006784 4641240890982006784 4607182418800017408 0 4632233691727265792 1 23 2
4639481672377565184 4636737291354636288 4632233691727265792 0 4632233691727265792 2 44 5
4641240890982006784 4641240890982006784 4607182418800017408 4741671816366391296 4632233691727265792 2 70 70
9221120237041090560 13917703051199129321 4655545015811703745 13916183203236749404 4650967429072795116 2 2 2
4639481672377565184 4636737291354636288 4632233691727265792 0 4632233691727265792 3 44 1
4680018523343566112 13906893542053930888 4641064738555640984 4693325691967817790 4651308173959319064 1 12 1
4639481672377565184 4636737291354636288 4632233691727265792 4741671816366391296 4632233691727265792 0 50 1
4641240890982006784 4641240890982006784 4607182418800017408 0 4632233691727265792 2 64 5
4641240890982006784 4641240890982006784 4607182418800017408 0 4632233691727265792 1 41 2
4639481672377565184 4636737291354636288 4632233691727265792 0 4632233691727265792 2 29 5
4641240890982006784 4641240890982006784 4607182418800017408 4741671816366391296 4632233691727265792 2 71 71
9221120237041090560 13913575262707895126 4647356987540645766 4678233712408041728 4637436931908396380 2 54 54
4639481672377565184 4636737291354636288 4632233691727265792 0 4632233691727265792 3 23 1
4688949879068804828 4695430891475328032 4656064030390030281 13917164987410213888 4645520641462228128 2 8 5
4639481672377565184 4636737291354636288 4632233691727265792 4741671816366391296 4632233691727265792 0 78 1
4641240890982006784 4641240890982006784 4607182418800017408 0 4632233691727265792 2 1 5
4641240890982006784 4641240890982006784 4607182418800017408 0 4632233691727265792 1 39 2
4639481672377565184 4636737291354636288 4632233691727265792 0 4632233691727265792 2 16 5
4641240890982006784 4641240890982006784 4607182418800017408 4741671816366391296 4632233691727265792 2 60 60
9221120237041090560 4688594532411359156 4662303348097547387 4680855801544763088 4650191566716801309 2 32 32
4639481672377565184 4636737291354636288 4632233691727265792 0 4632233691727265792 3 72 1
4693559777428399404 4680452925590896400 4665836193227063980 4677399911523162304 4633814703758033189 3 43 1
4639481672377565184 4636737291354636288 4632233691727265792 4741671816366391296 4632233691727265792 0 72 1
4641240890982006784 4641240890982006784 4607182418800017408 0 4632233691727265792 2 67 5
4641240890982006784 4641240890982006784 4607182418800017408 0 4632233691727265792 1 13 2
4639481672377565184 4636737291354636288 4632233691727265792 0 4632233691727265792 2 3 5
4641240890982006784 4641240890982006784 4607182418800017408 4741671816366391296 4632233691727265792 2 39 39
9221120237041090560 13919511791335896045 4662793959953386590 4694852300532060752 4649204321710551526 2 76 76
4639481672377565184 4636737291354636288 4632233691727265792 0 4632233691727265792 3 5 1
4695085688941173162 4694270073691522318 4662855152850277772 4692820658137396702 4641348582092740122 2 20 5
4639481672377565184 4636737291354636288 4632233691727265792 4741671816366391296 4632233691727265792 0 45 1
4641240890982006784 4641240890982006784 4607182418800017408 0 4632233691727265792 2 72 5
4641240890982006784 4641240890982006784 4607182418800017408 0 4632233691727265792 1 44 2
4639481672377565184 4636737291354636288 4632233691727265792 0 4632233691727265792 2 69 5
4641240890982006784 4641240890982006784 4607182418800017408 4741671816366391296 4632233691727265792 2 6 6
9221120237041090560 4688293378782702184 4665757306622506763 4690154524473860612 4642811046519312665 2 34 34
4639481672377565184 4636737291354636288 4632233691727265792 0 4632233691727265792 3 48 1
4695373284388502002 13916926616686823646 4665168322392048762 4696323948265700384 4643618155652612941 2 71 1
4639481672377565184 4636737291354636288 4632233691727265792 4741671816366391296 4632233691727265792 0 48 1
4641240890982006784 4641240890982006784 4607182418800017408 0 4632233691727265792 2 32 5
4641240890982006784 4641240890982006784 4607182418800017408 0 4632233691727265792 1 63 2
4639481672377565184 4636737291354636288 4632233691727265792 0 4632233691727265792 2 17 5
4641240890982006784 4641240890982006784 4607182418800017408 4741671816366391296 4632233691727265792 2 7 7
9221120237041090560 4694006540364946550 4666239777800380451 4693290049003021726 4645232603379622153 2 59 59
4639481672377565184 4636737291354636288 4632233691727265792 0 4632233691727265792 3 25 1
4695539371184787062 13908607774837353164 4666171149749553195 4695393046917602984 4648810229955779314 2 45 5
4639481672377565184 4636737291354636288 4632233691727265792 4741671816366391296 4632233691727265792 0 60 1
4641240890982006784 4641240890982006784 4607182418800017408 0 4632233691727265792 2 27 5
4641240890982006784 4641240890982006784 4607182418800017408 0 4632233691727265792 1 64 2
4639481672377565184 4636737291354636288 4632233691727265792 0 4632233691727265792 2 69 5
4641240890982006784 4641240890982006784 4607182418800017408 4741671816366391296 4632233691727265792 2 71 71
9221120237041090560 13918869341266948346 4665853240058388130 13918704709657158936 4639627670490692790 2 6 6
4639481672377565184 4636737291354636288 4632233691727265792 0 4632233691727265792 3 46 1
13918541039770444516 13916644780546361953 4666216333835096805 4687084037794918976 4643046648908379474 3 48 48
4639481672377565184 4636737291354636288 4632233691727265792 4741671816366391296 4632233691727265792 0 14 1
4641240890982006784 4641240890982006784 4607182418800017408 0 4632233691727265792 2 52 5
4641240890982006784 4641240890982006784 4607182418800017408 0 4632233691727265792 1 42 2
4639481672377565184 4636737291354636288 4632233691727265792 0 4632233691727265792 2 52 5
4641240890982006784 4641240890982006784 4607182418800017408 4741671816366391296 4632233691727265792 2 77 77
9221120237041090560 13905628496791757712 4654366615928040869 4695025708668989754 4649871445013293231 2 19 19
4639481672377565184 4636737291354636288 4632233691727265792 0 4632233691727265792 3 55 1
13916420873140204108 13919833696604178762 4663454041041483499 4688138024043739952 4628285970527096740 2 63 1
4639481672377565184 4636737291354636288 4632233691727265792 4741671816366391296 4632233691727265792 0 38 1
4641240890982006784 4641240890982006784 4607182418800017408 0 4632233691727265792 2 63 5
4641240890982006784 4641240890982006784 4607182418800017408 0 4632233691727265792 1 29 2
4639481672377565184 4636737291354636288 4632233691727265792 0 4632233691727265792 2 46 5
4641240890982006784 4641240890982006784 4607182418800017408 4741671816366391296 4632233691727265792 2 48 48
9221120237041090560 4671677426188291872 4663479874425922997 13916540286509703872 4645697230443194403 2 37 37
4639481672377565184 4636737291354636288 4632233691727265792 0 4632233691727265792 3 0 1
4690612203936083700 13915458677928754093 4653690046025479610 13910833270969421232 4650604352393109541 3 42 1
4639481672377565184 4636737291354636288 4632233691727265792 4741671816366391296 4632233691727265792 0 72 1
4641240890982006784 4641240890982006784 4607182418800017408 0 4632233691727265792 2 70 5
4641240890982006784 4641240890982006784 4607182418800017408 0 4632233691727265792 1 70 2
4639481672377565184 4636737291354636288 4632233691727265792 0 4632233691727265792 2 12 5
4641240890982006784 4641240890982006784 4607182418800017408 4741671816366391296 4632233691727265792 2 75 75
9221120237041090560 4687101880674333400 4662397687231615232 4687812014523000928 4648000940091593756 2 11 11
4639481672377565184 4636737291354636288 4632233691727265792 0 4632233691727265792 3 69 1
13898147631446942128 4694550547046492070 4664706458059383068 13908097760163029128 4648054021907233675 3 51 51
4639481672377565184 4636737291354636288 4632233691727265792 4741671816366391296 4632233691727265792 0 20 1
4641240890982006784 4641240890982006784 4607182418800017408 0 4632233691727265792 2 77 5
4641240890982006784 4641240890982006784 4607182418800017408 0 4632233691727265792 1 66 2
4639481672377565184 4636737291354636288 4632233691727265792 0 4632233691727265792 2 53 5
4641240890982006784 4641240890982006784 4607182418800017408 4741671816366391296 4632233691727265792 2 45 45
9221120237041090560 4692945495699897346 4654811206384062845 13915010116149190144 4649451263796080370 2 72 72
4639481672377565184 4636737291354636288 4632233691727265792 0 4632233691727265792 3 16 1
13916981673446327744 13918572622836069587 4654616168226674302 4690202869976961752 4642352372201215564 1 59 1
4639481672377565184 4636737291354636288 4632233691727265792 4741671816366391296 4632233691727265792 0 61 1
4641240890982006784 4641240890982006784 4607182418800017408 0 4632233691727265792 2 41 5
4641240890982006784 4641240890982006784 4607182418800017408 0 4632233691727265792 1 28 2
4639481672377565184 4636737291354636288 4632233691727265792 0 4632233691727265792 2 46 5
4641240890982006784 4641240890982006784 4607182418800017408 4741671816366391296 4632233691727265792 2 67 67
9221120237041090560 4690518977378803036 4663922284897735812 4688247866449173736 4649628202537245795 2 63 63
4639481672377565184 4636737291354636288 4632233691727265792 0 4632233691727265792 3 9 1
4682740481693246624 4695235150309869036 4661229063046628151 13919834148080776946 4639093071629303486 3 6 6
4639481672377565184 4636737291354636288 4632233691727265792 4741671816366391296 4632233691727265792 0 47 1
4641240890982006784 4641240890982006784 4607182418800017408 0 4632233691727265792 2 17 5
4641240890982006784 4641240890982006784 4607182418800017408 0 4632233691727265792 1 48 2
4639481672377565184 4636737291354636288 4632233691727265792 0 4632233691727265792 2 62 5
4641240890982006784 4641240890982006784 4607182418800017408 4741671816366391296 4632233691727265792 2 1 1
9221120237041090560 4696157299127813956 4666307101284019416 13896195626083390784 4643816542141367487 2 41 41
4639481672377565184 4636737291354636288 4632233691727265792 0 4632233691727265792 3 5 1
4679700232976393280 13918485151016264352 4666364457211103731 4695574417208326612 4651645353123171772 1 22 1
4639481672377565184 4636737291354636288 4632233691727265792 4741671816366391296 4632233691727265792 0 69 1
4641240890982006784 4641240890982006784 4607182418800017408 0 4632233691727265792 2 23 5
4641240890982006784 4641240890982006784 4607182418800017408 0 4632233691727265792 1 26 2
4639481672377565184 4636737291354636288 4632233691727265792 0 4632233691727265792 2 19 5
4641240890982006784 4641240890982006784 4607182418800017408 4741671816366391296 4632233691727265792 2 0 0
9221120237041090560 13911628230128302734 4649023419758295126 4696492842443063758 4640726602159746279 2 41 41
4639481672377565184 4636737291354636288 4632233691727265792 0 4632233691727265792 3 32 1
4694710222186433362 4690300899279606376 4658206548847766332 4693372259685949268 4644600912940583913 0 15 1
4639481672377565184 4636737291354636288 4632233691727265792 4741671816366391296 4632233691727265792 0 79 1
4641240890982006784 4641240890982006784 4607182418800017408 0 4632233691727265792 2 74 5
4641240890982006784 4641240890982006784 4607182418800017408 0 4632233691727265792 1 43 2
4639481672377565184 4636737291354636288 4632233691727265792 0 4632233691727265792 2 48 5
4641240890982006784 4641240890982006784 4607182418800017408 4741671816366391296 4632233691727265792 2 69 69
9221120237041090560 4696082386246415124 4661662149379731448 4692940173314318736 4646093564210344323 2 27 27
4639481672377565184 4636737291354636288 4632233691727265792 0 4632233691727265792 3 61 1
4671506578664184064 4694501458952755574 4666388498189417686 13908519115720148140 4648811666524020670 3 12 12
4639481672377565184 4636737291354636288 4632233691727265792 4741671816366391296 4632233691727265792 0 35 1
4641240890982006784 4641240890982006784 4607182418800017408 0 4632233691727265792 2 43 5
4641240890982006784 4641240890982006784 4607182418800017408 0 4632233691727265792 1 77 2
4639481672377565184 4636737291354636288 4632233691727265792 0 4632233691727265792 2 6 5
4641240890982006784 4641240890982006784 4607182418800017408 4741671816366391296 4632233691727265792 2 52 52
9221120237041090560 4696268347561601186 4662283761276826592 13919028783334335200 4649471010735392705 2 44 44
4639481672377565184 4636737291354636288 4632233691727265792 0 4632233691727265792 3 36 1
13909615803503688840 4685341335679644280 4661713581421827240 4692485497016990864 4650234701134762615 2 65 65
4639481672377565184 4636737291354636288 4632233691727265792 4741671816366391296 4632233691727265792 0 19 1
4641240890982006784 4641240890982006784 4607182418800017408 0 4632233691727265792 2 69 5
4641240890982006784 4641240890982006784 4607182418800017408 0 4632233691727265792 1 16 2
4639481672377565184 4636737291354636288 4632233691727265792 0 4632233691727265792 2 35 5
4641240890982006784 4641240890982006784 4607182418800017408 4741671816366391296 4632233691727265792 2 15 15
9221120237041090560 13917510449471383113 4666089876772091086 13895421307920038080 4644967749087585116 2 26 26
4639481672377565184 4636737291354636288 4632233691727265792 0 4632233691727265792 3 9 1
13917579495433213388 13911580636321480660 4652833986147766397 13918278902806954665 4647897863726744334 1 79 2
4639481672377565184 4636737291354636288 4632233691727265792 4741671816366391296 4632233691727265792 0 3 1
4641240890982006784 4641240890982006784 4607182418800017408 0 4632233691727265792 2 19 5
4641240890982006784 4641240890982006784 4607182418800017408 0 4632233691727265792 1 42 2
4639481672377565184 4636737291354636288 4632233691727265792 0 4632233691727265792 2 31 5
4641240890982006784 4641240890982006784 4607182418800017408 4741671816366391296 4632233691727265792 2 10 10
9221120237041090560 4694637729227120562 4663071323529672256 13914908373138708568 4649083141300794094 2 72 72
4639481672377565184 4636737291354636288 4632233691727265792 0 4632233691727265792 3 59 1
4693340533838131240 4684231478690009992 4664621363312490529 4684099669855843048 4648443652665288736 3 47 1
4639481672377565184 4636737291354636288 4632233691727265792 4741671816366391296 4632233691727265792 0 15 1
4641240890982006784 4641240890982006784 4607182418800017408 0 4632233691727265792 2 32 5
4641240890982006784 4641240890982006784 4607182418800017408 0 4632233691727265792 1 32 2
4639481672377565184 4636737291354636288 4632233691727265792 0 4632233691727265792 2 46 5
4641240890982006784 4641240890982006784 4607182418800017408 4741671816366391296 4632233691727265792 2 41 41
9221120237041090560 13917934495292861278 4663326203290457765 4694840968493421628 4630267138027911595 2 7 7
4639481672377565184 4636737291354636288 4632233691727265792 0 4632233691727265792 3 21 1
4690519185932025156 4685846123583226560 4654160750813260608 13917939711077243041 4650038773282929612 2 5 5
4639481672377565184 4636737291354636288 4632233691727265792 4741671816366391296 4632233691727265792 0 58 1
4641240890982006784 4641240890982006784 4607182418800017408 0 4632233691727265792 2 30 5
4641240890982006784 4641240890982006784 4607182418800017408 0 4632233691727265792 1 49 2
4639481672377565184 4636737291354636288 4632233691727265792 0 4632233691727265792 2 9 5
4641240890982006784 4641240890982006784 4607182418800017408 4741671816366391296 4632233691727265792 2 22 22
9221120237041090560 13909233332107879128 4665173598776229973 4693019143366025874 4641150828594311474 2 55 55
4639481672377565184 4636737291354636288 4632233691727265792 0 4632233691727265792 3 19 1
13912052011781155556 4687207776013980336 4658358189284449269 13917311733097476840 4651230029191392349 0 68 68
4639481672377565184 4636737291354636288 4632233691727265792 4741671816366391296 4632233691727265792 0 22 1
4641240890982006784 4641240890982006784 4607182418800017408 0 4632233691727265792 2 9 5
4641240890982006784 4641240890982006784 4607182418800017408 0 4632233691727265792 1 51 2
4639481672377565184 4636737291354636288 4632233691727265792 0 4632233691727265792 2 16 5
4641240890982006784 4641240890982006784 4607182418800017408 4741671816366391296 4632233691727265792 2 64 64
9221120237041090560 4687603702969284664 4658389451218099773 4688933358033027192 4644450467483730612 2 17 17
4639481672377565184 4636737291354636288 4632233691727265792 0 4632233691727265792 3 58 1
13916161855167167796 4680146434550030800 4652658171838274419 13911583703104661940 4647774919845595075 0 69 69
4639481672377565184 4636737291354636288 4632233691727265792 4741671816366391296 4632233691727265792 0 45 1
4641240890982006784 4641240890982006784 4607182418800017408 0 4632233691727265792 2 33 5
4641240890982006784 4641240890982006784 4607182418800017408 0 4632233691727265792 1 6 2
4639481672377565184 4636737291354636288 4632233691727265792 0 4632233691727265792 2 55 5
4641240890982006784 4641240890982006784 4607182418800017408 4741671816366391296 4632233691727265792 2 43 43
9221120237041090560 13906564018776119336 4655273021907611787 13916492749378872283 4648790186548743009 2 67 67
4639481672377565184 4636737291354636288 4632233691727265792 0 4632233691727265792 3 30 1
4692523907944848632 13914266605733797450 4666084832546759626 13914094702391709668 4643425433908155681 0 25 1
4639481672377565184 4636737291354636288 4632233691727265792 4741671816366391296 4632233691727265792 0 75 1
4641240890982006784 4641240890982006784 4607182418800017408 0 4632233691727265792 2 67 5
4641240890982006784 4641240890982006784 4607182418800017408 0 4632233691727265792 1 65 2
4639481672377565184 4636737291354636288 4632233691727265792 0 4632233691727265792 2 56 5
4641240890982006784 4641240890982006784 4607182418800017408 4741671816366391296 4632233691727265792 2 16 16
9221120237041090560 13901852507959136224 4662225950196415966 13894941285484800288 4645027972196835691 2 64 64
4639481672377565184 4636737291354636288 4632233691727265792 0 4632233691727265792 3 38 1
13919972736861955224 13900822881059364352 4660936328580587254 13919234484547047404 4649471328562013507 1 33 33
4639481672377565184 4636737291354636288 4632233691727265792 4741671816366391296 4632233691727265792 0 24 1
4641240890982006784 4641240890982006784 4607182418800017408 0 4632233691727265792 2 72 5
4641240890982006784 4641240890982006784 4607182418800017408 0 4632233691727265792 1 36 2
4639481672377565184 4636737291354636288 4632233691727265792 0 4632233691727265792 2 62 5
4641240890982006784 4641240890982006784 4607182418800017408 4741671816366391296 4632233691727265792 2 74 74
9221120237041090560 13918212936130263274 4650372776618433185 13917546539705256188 4650079176828513916 2 19 19
4639481672377565184 4636737291354636288 4632233691727265792 0 4632233691727265792 3 32 1
13912919585005570458 4665771933488994496 4666466865201426486 4690203725027010940 4642359833440137970 2 76 76
4639481672377565184 4636737291354636288 4632233691727265792 4741671816366391296 4632233691727265792 0 53 1
4641240890982006784 4641240890982006784 4607182418800017408 0 4632233691727265792 2 7 5
4641240890982006784 4641240890982006784 4607182418800017408 0 4632233691727265792 1 43 2
4639481672377565184 4636737291354636288 4632233691727265792 0 4632233691727265792 2 70 5
4641240890982006784 4641240890982006784 4607182418800017408 4741671816366391296 4632233691727265792 2 61 61
9221120237041090560 4688648021662769576 4666614163881076264 4694938427078543528 4630635591620864626 2 11 11
4639481672377565184 4636737291354636288 4632233691727265792 0 4632233691727265792 3 59 1
4687650635869281824 13918996422931316396 4666521289084314905 13917034405223518864 4646078852358596630 0 40 1
4639481672377565184 4636737291354636288 4632233691727265792 4741671816366391296 4632233691727265792 0 19 1
4641240890982006784 4641240890982006784 4607182418800017408 0 4632233691727265792 2 2 5
4641240890982006784 4641240890982006784 4607182418800017408 0 4632233691727265792 1 35 2
4639481672377565184 4636737291354636288 4632233691727265792 0 4632233691727265792 2 1 5
4641240890982006784 4641240890982006784 4607182418800017408 4741671816366391296 4632233691727265792 2 11 11
9221120237041090560 13910898091413994916 4654760913998911865 4696486794616865384 4646915513983535165 2 74 74
4639481672377565184 4636737291354636288 4632233691727265792 0 4632233691727265792 3 42 1
4694618937863216876 4689157385297678188 4658127838831395456 4696470973081584350 4645779324965405526 0 42 1
4639481672377565184 4636737291354636288 4632233691727265792 4741671816366391296 4632233691727265792 0 59 1
4641240890982006784 4641240890982006784 4607182418800017408 0 4632233691727265792 2 7 5
4641240890982006784 4641240890982006784 4607182418800017408 0 4632233691727265792 1 70 2
4639481672377565184 4636737291354636288 4632233691727265792 0 4632233691727265792 2 43 5
4641240890982006784 4641240890982006784 4607182418800017408 4741671816366391296 4632233691727265792 2 55 55
9221120237041090560 13918082193963878295 4652803854066761003 4677766518046445760 4640613735242347029 2 28 28
4639481672377565184 4636737291354636288 4632233691727265792 0 4632233691727265792 3 70 1
