4694428428020873060 13909875606412569204 4661949024290739460 20 17
4639481672377565184 4636737291354636288 4632233691727265792 10 17
4683088663683732336 4683088663683732336 4607182418800017408 3 3
9221120237041090560 13919261331652114762 4664642903650263917 63 63
13916636426833493707 4688465798187988412 9221120237041090560 57 57
9218868437227405312 4607182418800017408 4696837146684686336 78 17
9218868437227405311 18442240474082181119 4607182418800017408 63 17
13916551264565812545 9221120237041090560 4661316234590577034 69 69
4687569583053478200 4690283879765296552 4665251855098619923 34 34
4639481672377565184 4636737291354636288 4632233691727265792 32 17
13912596511165819680 13912596511165819680 4607182418800017408 28 28
9221120237041090560 4691827271742136600 4661429727595288580 53 53
13910288359320600416 4694921795123315294 9221120237041090560 57 57
9218868437227405312 4607182418800017408 4696837146684686336 6 17
9218868437227405311 18442240474082181119 4607182418800017408 38 17
13916179958909758932 9221120237041090560 4662871501699018966 21 21
4694216504470234014 13906126458955082328 4659306235793240408 1 17
4639481672377565184 4636737291354636288 4632233691727265792 9 17
13913435030931846008 13913435030931846008 4607182418800017408 67 67
9221120237041090560 4693310992639496304 4653079234587643567 64 64
13919719447640056893 4692168086170994488 9221120237041090560 22 22
9218868437227405312 4607182418800017408 4696837146684686336 52 17
9218868437227405311 18442240474082181119 4607182418800017408 60 17
4696357684583559490 9221120237041090560 4666066282874056788 18 18
13901631835031225888 13901437819172648624 4666508044011228448 14 14
4639481672377565184 4636737291354636288 4632233691727265792 20 17
13918655151661597165 13918655151661597165 4607182418800017408 7 7
9221120237041090560 13915667799320425743 4666637797333757040 2 2
4690503717003921980 13914606947688475906 9221120237041090560 30 30
9218868437227405312 4607182418800017408 4696837146684686336 58 17
9218868437227405311 18442240474082181119 4607182418800017408 50 17
13908850437358288412 9221120237041090560 4663077657730703198 20 20
4691381640873281008 13908900416044270712 4662150922994230357 22 17
4639481672377565184 4636737291354636288 4632233691727265792 68 17
4661372771688434176 4661372771688434176 4607182418800017408 33 33
9221120237041090560 4695362492877531028 4659217776782652016 60 60
4681893138679560720 13920199435906669904 9221120237041090560 53 53
9218868437227405312 4607182418800017408 4696837146684686336 7 17
9218868437227405311 18442240474082181119 4607182418800017408 34 17
13905297504198918072 9221120237041090560 4658550507619228174 58 58
13917146192774437396 4694106262631116168 4652283465695931667 48 48
4639481672377565184 4636737291354636288 4632233691727265792 18 17
13907563657345523880 13907563657345523880 4607182418800017408 36 36
9221120237041090560 4695875763424922498 4657348988953984501 30 30
13905278030492135616 4688501211760172724 9221120237041090560 56 56
9218868437227405312 4607182418800017408 4696837146684686336 18 17
9218868437227405311 18442240474082181119 4607182418800017408 33 17
13919041091821840478 9221120237041090560 4664418523105879713 6 6
4694972567102963038 13912231802129035518 4662042985928928881 42 17
4639481672377565184 4636737291354636288 4632233691727265792 4 17
13909090022991495040 13909090022991495040 4607182418800017408 57 57
9221120237041090560 4694990203123039904 4664981834064699278 47 47
4695062108554728802 13919192498408147092 9221120237041090560 41 41
9218868437227405312 4607182418800017408 4696837146684686336 59 17
9218868437227405311 18442240474082181119 4607182418800017408 64 17
4694551681088831842 9221120237041090560 4666093959199603771 78 78
13908171324324611364 4696281855433193370 4654380595127282541 11 11
4639481672377565184 4636737291354636288 4632233691727265792 38 17
13911052169538329032 13911052169538329032 4607182418800017408 64 64
9221120237041090560 13906872815791929560 4664354491688827502 60 60
4683888562501057936 13920099520069316758 9221120237041090560 71 71
9218868437227405312 4607182418800017408 4696837146684686336 29 17
9218868437227405311 18442240474082181119 4607182418800017408 51 17
13908129316812303284 9221120237041090560 4664894673665223454 8 8
4695250993404073954 13914412029409629208 4655539955785259796 31 17
4639481672377565184 4636737291354636288 4632233691727265792 0 17
13917196349882348157 13917196349882348157 4607182418800017408 49 49
9221120237041090560 4689350080732375336 4652034580990982334 26 26
4683879124676830160 13889109348580031744 9221120237041090560 66 66
9218868437227405312 4607182418800017408 4696837146684686336 1 17
9218868437227405311 18442240474082181119 4607182418800017408 65 17
13915854599117579609 9221120237041090560 4664600501257849488 23 23
13900640291810922240 4688026449296176688 4658931516780770218 1 1
4639481672377565184 4636737291354636288 4632233691727265792 18 17
4693610964083968196 4693610964083968196 4607182418800017408 70 70
9221120237041090560 4682361456193973712 4645418650451580831 32 32
4689041244709064800 13916693836578864070 9221120237041090560 0 0
9218868437227405312 4607182418800017408 4696837146684686336 74 17
9218868437227405311 18442240474082181119 4607182418800017408 20 17
13906238956743854712 9221120237041090560 4664809586974115285 37 37
4689899203039165668 13917572995055155300 4663878773494791483 65 17
4639481672377565184 4636737291354636288 4632233691727265792 34 17
4684592880231189712 4684592880231189712 4607182418800017408 51 51
9221120237041090560 13886876486280155776 4666498395348526181 0 0
13918335234210483802 13894083452443007360 9221120237041090560 75 75
9218868437227405312 4607182418800017408 4696837146684686336 42 17
9218868437227405311 18442240474082181119 4607182418800017408 65 17
4689505485150184212 9221120237041090560 4661320766668564829 62 62
4694478067446812180 13903232821563725472 4664477515235647280 2 17
4639481672377565184 4636737291354636288 4632233691727265792 43 17
13918115685412950629 13918115685412950629 4607182418800017408 30 30
9221120237041090560 4693756341311588300 4662421832348917406 41 41
13908036683808357588 4676787633571230752 9221120237041090560 70 70
9218868437227405312 4607182418800017408 4696837146684686336 51 17
9218868437227405311 18442240474082181119 4607182418800017408 25 17
13918421203717122279 9221120237041090560 4663743636857378623 23 23
13916880786829158641 13915949847359755527 4661368634006903893 7 7
4639481672377565184 4636737291354636288 4632233691727265792 66 17
13918277714823976722 13918277714823976722 4607182418800017408 63 63
9221120237041090560 4696216099283821104 4659801485913150574 6 6
4693010616278068978 4696086347930612340 9221120237041090560 60 60
9218868437227405312 4607182418800017408 4696837146684686336 5 17
9218868437227405311 18442240474082181119 4607182418800017408 74 17
4658741971856428544 9221120237041090560 4666479580891306343 25 25
13913630563993734452 13909042294671144904 4664900287130930115 46 46
4639481672377565184 4636737291354636288 4632233691727265792 14 17
4694967743244795548 4694967743244795548 4607182418800017408 40 40
9221120237041090560 13901455272270272480 4662480978953446677 42 42
4685528639688401080 13915993977788961929 9221120237041090560 52 52
9218868437227405312 4607182418800017408 4696837146684686336 37 17
9218868437227405311 18442240474082181119 4607182418800017408 71 17
13914384624085391582 9221120237041090560 4665521081822931884 22 22
13919350126076284410 13912154624235189666 4663888958634637906 5 5
4639481672377565184 4636737291354636288 4632233691727265792 25 17
4696353722900773572 4696353722900773572 4607182418800017408 59 59
9221120237041090560 13919655626119416400 4656887782371320615 39 39
4693102453356914838 13913971616807713154 9221120237041090560 41 41
9218868437227405312 4607182418800017408 4696837146684686336 59 17
9218868437227405311 18442240474082181119 4607182418800017408 12 17
4692645522472988584 9221120237041090560 4663454797324557203 75 75
4691197683024135644 13917896677308338178 4660295685666201808 3 17
4639481672377565184 4636737291354636288 4632233691727265792 35 17
4694334692045660650 4694334692045660650 4607182418800017408 64 64
9221120237041090560 4690739205261169568 4662313783311271028 69 69
13906777041942372992 13910334379598595664 9221120237041090560 16 16
9218868437227405312 4607182418800017408 4696837146684686336 70 17
9218868437227405311 18442240474082181119 4607182418800017408 76 17
4685812578996419008 9221120237041090560 4648524963114340499 27 27
13917017550077032071 13908274863803786748 4647819593439226532 53 53
4639481672377565184 4636737291354636288 4632233691727265792 4 17
13915888718186426586 13915888718186426586 4607182418800017408 23 23
9221120237041090560 4696458549300173412 4666092903499887228 28 28
13917095196599982034 13910115298963198316 9221120237041090560 11 11
9218868437227405312 4607182418800017408 4696837146684686336 19 17
9218868437227405311 18442240474082181119 4607182418800017408 40 17
4695848035785209394 9221120237041090560 4663782301153958677 60 60
13917449028870748098 4693127793145104490 13854415383030749633 50 50
4639481672377565184 4636737291354636288 4632233691727265792 78 17
13907229084878380248 13907229084878380248 4607182418800017408 54 54
9221120237041090560 13914829237655266888 4661674927528000186 32 32
13916309270503114412 4671127390742122080 9221120237041090560 5 5
9218868437227405312 4607182418800017408 4696837146684686336 22 17
9218868437227405311 18442240474082181119 4607182418800017408 61 17
13919558719172772472 9221120237041090560 4663333381065539900 19 19
13911854932755398236 13912172584342569516 4653189959429749647 74 17
4639481672377565184 4636737291354636288 4632233691727265792 77 17
4679675317175428160 4679675317175428160 4607182418800017408 55 55
9221120237041090560 13908200313574299840 13859998902392903198 52 52
4690282262050550988 13919968326170239772 9221120237041090560 69 69
9218868437227405312 4607182418800017408 4696837146684686336 13 17
9218868437227405311 18442240474082181119 4607182418800017408 38 17
13918150949913285856 9221120237041090560 4666615176703843574 59 59
13918408922319051688 13912932442596137528 13859012131743581930 67 67
4639481672377565184 4636737291354636288 4632233691727265792 34 17
13907302634683741864 13907302634683741864 4607182418800017408 38 38
9221120237041090560 4680343329096928384 4666464787658439886 66 66
4691516468711992940 13903333646453402944 9221120237041090560 37 37
9218868437227405312 4607182418800017408 4696837146684686336 77 17
9218868437227405311 18442240474082181119 4607182418800017408 72 17
13918851828297823287 9221120237041090560 4653710614307204108 11 11
13917368866060183879 13908906475180848396 4662981431603449663 48 48
4639481672377565184 4636737291354636288 4632233691727265792 77 17
4693924270087946970 4693924270087946970 4607182418800017408 30 30
9221120237041090560 13913906861865059948 4662074813222059623 22 22
4696629662601721934 4696029404266806852 9221120237041090560 21 21
9218868437227405312 4607182418800017408 4696837146684686336 5 17
9218868437227405311 18442240474082181119 4607182418800017408 51 17
13919135208968919015 9221120237041090560 4658626651661234546 23 23
13916585717995515542 4695685341276053844 4666259198403413477 26 26
4639481672377565184 4636737291354636288 4632233691727265792 33 17
13913489561179918388 13913489561179918388 4607182418800017408 36 36
9221120237041090560 4695105816880867450 4636574396842339744 31 31
13912407822527565216 13918835578924500426 9221120237041090560 35 35
9218868437227405312 4607182418800017408 4696837146684686336 77 17
9218868437227405311 18442240474082181119 4607182418800017408 43 17
13917746348678552974 9221120237041090560 4665762457704867355 71 71
13919508041863654046 13916717069550664277 4643423260770220966 68 68
4639481672377565184 4636737291354636288 4632233691727265792 7 17
13895485654000335968 13895485654000335968 4607182418800017408 21 21
9221120237041090560 13918483145299499585 4664514971752169231 60 60
4677310839867134848 13917386455609467187 9221120237041090560 72 72
9218868437227405312 4607182418800017408 4696837146684686336 52 17
9218868437227405311 18442240474082181119 4607182418800017408 43 17
13916900639056980150 9221120237041090560 4655402268326599205 26 26
13915826970299404995 13911039401607316856 4663820444769655344 68 68
4639481672377565184 4636737291354636288 4632233691727265792 21 17
13919185518051816579 13919185518051816579 4607182418800017408 17 17
9221120237041090560 4689497833952553008 4666057889702842185 31 31
13917305414299970346 4696513600384493876 9221120237041090560 49 49
9218868437227405312 4607182418800017408 4696837146684686336 1 17
9218868437227405311 18442240474082181119 4607182418800017408 38 17
13913652267208142044 9221120237041090560 4659155688489777601 9 9
13883062300222806784 4689061024022027752 4657698240059422426 17 17
4639481672377565184 4636737291354636288 4632233691727265792 9 17
13916749000335436204 13916749000335436204 4607182418800017408 42 42
9221120237041090560 4693140164142317868 4664216460375991078 36 36
4696721174230814742 13918495336306218936 9221120237041090560 38 38
9218868437227405312 4607182418800017408 4696837146684686336 48 17
9218868437227405311 18442240474082181119 4607182418800017408 43 17
4688739963809644428 9221120237041090560 4660517879014273714 13 13
4692337492859845732 13917831457503501258 4666620937703943636 13 17
4639481672377565184 4636737291354636288 4632233691727265792 39 17
13914826508495075752 13914826508495075752 4607182418800017408 67 67
9221120237041090560 13919056862076881738 4665910103709216084 2 2
4693578022401199864 4690918122446760656 9221120237041090560 55 55
9218868437227405312 4607182418800017408 4696837146684686336 66 17
9218868437227405311 18442240474082181119 4607182418800017408 34 17
13912766521199294178 9221120237041090560 4656817265141735096 63 63
13918624263587036920 4683654756238532192 4665725675228152502 75 75
4639481672377565184 4636737291354636288 4632233691727265792 58 17
13914627766265850312 13914627766265850312 4607182418800017408 22 22
9221120237041090560 4694188684004448740 4651492083971424394 49 49
4694813092570310602 13912104304564960560 9221120237041090560 7 7
9218868437227405312 4607182418800017408 4696837146684686336 30 17
9218868437227405311 18442240474082181119 4607182418800017408 35 17
4693053994133097452 9221120237041090560 4663681825429498067 42 42
4696044627520712362 13917931889854097690 4664829535831017317 36 17
4639481672377565184 4636737291354636288 4632233691727265792 79 17
13913691131114032788 13913691131114032788 4607182418800017408 66 66
9221120237041090560 13911208251601055840 4652883725080000222 61 61
13913508199215494426 4678845129548077312 9221120237041090560 44 44
9218868437227405312 4607182418800017408 4696837146684686336 71 17
9218868437227405311 18442240474082181119 4607182418800017408 49 17
4684358008680914616 9221120237041090560 4651008530366149360 41 41
4682985681992815056 13910764725134306944 4663622740562494698 77 17
4639481672377565184 4636737291354636288 4632233691727265792 34 17
13919882508787555854 13919882508787555854 4607182418800017408 3 3
9221120237041090560 4684628024288659640 4663160851708642339 67 67
13917720159690693097 13916207832352827764 9221120237041090560 23 23
9218868437227405312 4607182418800017408 4696837146684686336 75 17
9218868437227405311 18442240474082181119 4607182418800017408 14 17
4686152221843600456 9221120237041090560 4665160442250100637 56 56
4690284729212575104 4689373891871242040 4661533102526421431 13 17
4639481672377565184 4636737291354636288 4632233691727265792 62 17
4693188750005807992 4693188750005807992 4607182418800017408 23 23
9221120237041090560 4694713409409098072 4660016652463616798 72 72
13914697963115452866 13903047344270875040 9221120237041090560 32 32
9218868437227405312 4607182418800017408 4696837146684686336 30 17
9218868437227405311 18442240474082181119 4607182418800017408 71 17
13916146672449442950 9221120237041090560 4649890088580617340 28 28
13918723905298666175 4694902805040119820 4665895101026445912 12 12
4639481672377565184 4636737291354636288 4632233691727265792 54 17
13916978324843991506 13916978324843991506 4607182418800017408 6 6
9221120237041090560 13918296339226210809 4658729038000388470 24 24
13915676591353675026 4694521533720851192 9221120237041090560 51 51
9218868437227405312 4607182418800017408 4696837146684686336 49 17
9218868437227405311 18442240474082181119 4607182418800017408 63 17
13917226943399368228 9221120237041090560 4659756935468102571 26 26
13917400194876686900 4694273496787673218 4657249952260213897 47 47
4639481672377565184 4636737291354636288 4632233691727265792 5 17
13911915653007954186 13911915653007954186 4607182418800017408 4 4
9221120237041090560 4693071642051990664 4662215779608995658 0 0
13900782053701700832 13909090083222600988 9221120237041090560 32 32
9218868437227405312 4607182418800017408 4696837146684686336 13 17
9218868437227405311 18442240474082181119 4607182418800017408 66 17
4696426251766992756 9221120237041090560 4641044261067374396 27 27
4696420732470322066 4665806758121431488 4663490479660881813 16 17
4639481672377565184 4636737291354636288 4632233691727265792 42 17
4690683386223156804 4690683386223156804 4607182418800017408 52 52
9221120237041090560 13911083197170683332 4665772512062855953 64 64
13918918381742768458 13906528966928365352 9221120237041090560 13 13
9218868437227405312 4607182418800017408 4696837146684686336 42 17
9218868437227405311 18442240474082181119 4607182418800017408 13 17
13916750245573467736 9221120237041090560 4665663239565524494 74 74
4695478796004447416 4686089190840673504 4654366923346675192 8 17
4639481672377565184 4636737291354636288 4632233691727265792 50 17
4679654315673544176 4679654315673544176 4607182418800017408 33 33
9221120237041090560 13918109386555345805 4663827613552940001 24 24
4696553708176147400 4693357801559541572 9221120237041090560 37 37
9218868437227405312 4607182418800017408 4696837146684686336 59 17
9218868437227405311 18442240474082181119 4607182418800017408 11 17
13919252673265815484 9221120237041090560 4661878322083018654 64 64
4694184907391160928 13919551857470800738 13857151787164047650 63 17
4639481672377565184 4636737291354636288 4632233691727265792 2 17
4690943508172637892 4690943508172637892 4607182418800017408 77 77
9221120237041090560 4694916218509693646 4665156410875587009 32 32
13919628358161743398 13919824351946158979 9221120237041090560 72 72
9218868437227405312 4607182418800017408 4696837146684686336 56 17
9218868437227405311 18442240474082181119 4607182418800017408 23 17
13917122972134059916 9221120237041090560 4659348001527755186 7 7
13917538278015501498 4693572671993139202 4657113953806518131 71 71
4639481672377565184 4636737291354636288 4632233691727265792 72 17
4685623684888611560 4685623684888611560 4607182418800017408 31 31
9221120237041090560 4696657048878177686 4666019996477109749 48 48
13919665461698459750 13911519553208416184 9221120237041090560 47 47
9218868437227405312 4607182418800017408 4696837146684686336 33 17
9218868437227405311 18442240474082181119 4607182418800017408 4 17
4693900626171216978 9221120237041090560 4664276874958070707 48 48
4692813740310197648 4693363255639337570 4660388823030843526 55 55
4639481672377565184 4636737291354636288 4632233691727265792 71 17
13918354454199863631 13918354454199863631 4607182418800017408 51 51
9221120237041090560 4690256500522799864 4663043048027018013 1 1
4688605674263402760 4692715093615918476 9221120237041090560 76 76
9218868437227405312 4607182418800017408 4696837146684686336 42 17
9218868437227405311 18442240474082181119 4607182418800017408 12 17
13907628000652790076 9221120237041090560 4666254703535809051 23 23
13916973823353166056 4687502431340725488 4657252984970628654 23 23
4639481672377565184 4636737291354636288 4632233691727265792 30 17
4681245120908878064 4681245120908878064 4607182418800017408 27 27
9221120237041090560 13919388402553101943 4665971252139953884 15 15
4692989046122043230 13913283380623882568 9221120237041090560 66 66
9218868437227405312 4607182418800017408 4696837146684686336 32 17
9218868437227405311 18442240474082181119 4607182418800017408 24 17
13917444225249867011 9221120237041090560 4662317850417013478 35 35
4688582158937493992 13918410735592092643 4661720841212978586 55 17
4639481672377565184 4636737291354636288 4632233691727265792 36 17
13914037980929509536 13914037980929509536 4607182418800017408 69 69
9221120237041090560 13912198042797786628 4655930481460005592 17 17
4685575764065994480 13918842273558681951 9221120237041090560 72 72
9218868437227405312 4607182418800017408 4696837146684686336 33 17
9218868437227405311 18442240474082181119 4607182418800017408 1 17
4695834336445921682 9221120237041090560 4656526818275468194 28 28
4692685493803673012 13908395993887739456 4665851768199959320 69 17
4639481672377565184 4636737291354636288 4632233691727265792 2 17
4692461732740718500 4692461732740718500 4607182418800017408 17 17
9221120237041090560 4684961990883091944 4659361903342850475 78 78
13919599839105038016 13908450152213654332 9221120237041090560 34 34
9218868437227405312 4607182418800017408 4696837146684686336 15 17
9218868437227405311 18442240474082181119 4607182418800017408 3 17
4696391237328038332 9221120237041090560 4666484634978900106 10 10
4686951444090507920 4693637702579199944 4665788685135738237 52 52
4639481672377565184 4636737291354636288 4632233691727265792 66 17
13896200637208651584 13896200637208651584 4607182418800017408 1 1
9221120237041090560 4688583154048990412 4666100849819772121 29 29
13916727801522910118 4695885318629399412 9221120237041090560 5 5
9218868437227405312 4607182418800017408 4696837146684686336 37 17
9218868437227405311 18442240474082181119 4607182418800017408 57 17
13911714942177865876 9221120237041090560 4653507961433873755 41 41
4688657894468163856 13859140436339507200 4665648746832165760 77 17
4639481672377565184 4636737291354636288 4632233691727265792 15 17
4678037844080745728 4678037844080745728 4607182418800017408 10 10
9221120237041090560 4694087117429094594 4660121164275715257 74 74
13907760558088265700 13915317076558492439 9221120237041090560 9 9
9218868437227405312 4607182418800017408 4696837146684686336 59 17
9218868437227405311 18442240474082181119 4607182418800017408 50 17
13908387597854115004 9221120237041090560 4657142374675326424 42 42
13908708359223424912 13916564699598118400 4663021580197726488 39 17
4639481672377565184 4636737291354636288 4632233691727265792 67 17
13909125916889393456 13909125916889393456 4607182418800017408 13 13
9221120237041090560 4687119639726858456 4655681103832521762 54 54
4690365148665817344 4693220135255299914 9221120237041090560 76 76
9218868437227405312 4607182418800017408 4696837146684686336 28 17
9218868437227405311 18442240474082181119 4607182418800017408 27 17
4695428324710573792 9221120237041090560 4665185050893034760 2 2
13918230057340907016 4675875928850892560 4657660711776557419 36 36
4639481672377565184 4636737291354636288 4632233691727265792 10 17
13918484540709696170 13918484540709696170 4607182418800017408 35 35
9221120237041090560 4696490758512837998 4659305517876454338 1 1
13919208414935941785 4695575890706448674 9221120237041090560 61 61
9218868437227405312 4607182418800017408 4696837146684686336 45 17
9218868437227405311 18442240474082181119 4607182418800017408 32 17
4671297687235651360 9221120237041090560 13851413473196585476 70 70
4688921730128772136 4684020192889210208 4659972597530687901 10 17
4639481672377565184 4636737291354636288 4632233691727265792 50 17
4687320297613486760 4687320297613486760 4607182418800017408 32 32
9221120237041090560 4695497502503726442 4664967115659216270 60 60
4689243575909987968 4687660381558691032 9221120237041090560 30 30
9218868437227405312 4607182418800017408 4696837146684686336 76 17
9218868437227405311 18442240474082181119 4607182418800017408 39 17
4696650413614568362 9221120237041090560 4644658096577494402 11 11
13918013743719759278 13909423256840520528 4665393165008470210 31 31
4639481672377565184 4636737291354636288 4632233691727265792 39 17
13919390631681369357 13919390631681369357 4607182418800017408 49 49
9221120237041090560 4684904376573911640 4666002859529813536 74 74
4690942606875871304 13916913180548562558 9221120237041090560 38 38
9218868437227405312 4607182418800017408 4696837146684686336 12 17
9218868437227405311 18442240474082181119 4607182418800017408 64 17
4695088972583674296 9221120237041090560 4664547823620292307 34 34
4682396790329712464 4695362313784234130 4664185967221432870 16 16
4639481672377565184 4636737291354636288 4632233691727265792 4 17
13919487286040816369 13919487286040816369 4607182418800017408 46 46
9221120237041090560 4684582961039595440 4665106025381840414 39 39
13895918211906343136 13911502977782163840 9221120237041090560 64 64
9218868437227405312 4607182418800017408 4696837146684686336 54 17
9218868437227405311 18442240474082181119 4607182418800017408 24 17
4695006794873348990 9221120237041090560 4663353293375117329 79 79
4695323172917998034 13918159497025640140 4665824108790268679 57 17
4639481672377565184 4636737291354636288 4632233691727265792 28 17
13901009694331846768 13901009694331846768 4607182418800017408 79 79
9221120237041090560 13908627900912521316 4665951476953208125 73 73
4696331699932638650 13913629616456391812 9221120237041090560 15 15
9218868437227405312 4607182418800017408 4696837146684686336 53 17
9218868437227405311 18442240474082181119 4607182418800017408 72 17
13913177043577159558 9221120237041090560 4644774580509976918 26 26
13917024407475343474 4696534490611358776 4663135601990955328 52 52
4639481672377565184 4636737291354636288 4632233691727265792 41 17
4682422229161322016 4682422229161322016 4607182418800017408 3 3
9221120237041090560 13916565373359956466 4663494732624153331 35 35
13909072491483530304 13903144808385513632 9221120237041090560 18 18
9218868437227405312 4607182418800017408 4696837146684686336 67 17
9218868437227405311 18442240474082181119 4607182418800017408 7 17
13917209018373983369 9221120237041090560 4661988303978260916 78 78
13918671524694877110 4693832217293280684 4661958366005769464 15 15
4639481672377565184 4636737291354636288 4632233691727265792 77 17
13916368327051581348 13916368327051581348 4607182418800017408 2 2
9221120237041090560 4682076825317323296 4657751967922221687 11 11
13919249716487701928 4694903432083187206 9221120237041090560 51 51
9218868437227405312 4607182418800017408 4696837146684686336 2 17
9218868437227405311 18442240474082181119 4607182418800017408 65 17
13914186230009998020 9221120237041090560 4661109352451361948 43 43
4695303132022077420 13908087810933880448 4660982725985408707 70 17
4639481672377565184 4636737291354636288 4632233691727265792 22 17
4695492617864424210 4695492617864424210 4607182418800017408 31 31
9221120237041090560 4696071484653705920 4664900533190684792 63 63
4691209245822258724 13918491184506083961 9221120237041090560 58 58
9218868437227405312 4607182418800017408 4696837146684686336 23 17
9218868437227405311 18442240474082181119 4607182418800017408 40 17
13909559756271448980 9221120237041090560 4663071255162950355 56 56
4696366926378098850 4688350552906138284 4645940512116538513 65 17
4639481672377565184 4636737291354636288 4632233691727265792 18 17
13894099201507064320 13894099201507064320 4607182418800017408 12 12
9221120237041090560 4690949064652164716 4655742658199049991 7 7
4681714858099082624 13910855203077006476 9221120237041090560 2 2
9218868437227405312 4607182418800017408 4696837146684686336 29 17
9218868437227405311 18442240474082181119 4607182418800017408 9 17
13915314275246226314 9221120237041090560 13848679548948361744 7 7
13919742961864276591 4671915249225358752 4664809695881868326 39 39
4639481672377565184 4636737291354636288 4632233691727265792 37 17
4689235830594937648 4689235830594937648 4607182418800017408 36 36
9221120237041090560 13910522874406517308 4657031917944777060 35 35
13916188578666755466 13919702842650005614 9221120237041090560 77 77
9218868437227405312 4607182418800017408 4696837146684686336 2 17
9218868437227405311 18442240474082181119 4607182418800017408 75 17
13917616877677765199 9221120237041090560 4659362515513563576 73 73
4693158303030329154 13918530598823542320 4654147309760319203 8 17
4639481672377565184 4636737291354636288 4632233691727265792 20 17
13902906083709748496 13902906083709748496 4607182418800017408 51 51
9221120237041090560 4690541877756096252 4658029553939495180 77 77
13910890436758000732 13905389544246355952 9221120237041090560 56 56
9218868437227405312 4607182418800017408 4696837146684686336 67 17
9218868437227405311 18442240474082181119 4607182418800017408 52 17
4685365830388445920 9221120237041090560 4648832993283855124 71 71
13917535496954923540 4666087260776064576 4657805492191706452 29 29
4639481672377565184 4636737291354636288 4632233691727265792 52 17
4691747171800067424 4691747171800067424 4607182418800017408 55 55
9221120237041090560 4695369681144613600 4663932543381571235 46 46
13916507080014895078 4695351827129117260 9221120237041090560 73 73
9218868437227405312 4607182418800017408 4696837146684686336 53 17
9218868437227405311 18442240474082181119 4607182418800017408 47 17
4689098466329231008 9221120237041090560 4664256601874480489 9 9
13913452818700821010 4690067705391745384 4660650300151941955 53 53
4639481672377565184 4636737291354636288 4632233691727265792 34 17
4683291207632603008 4683291207632603008 4607182418800017408 31 31
9221120237041090560 13913171496338473442 4654335958333146150 70 70
13907607785441505720 4694911690509384422 9221120237041090560 5 5
9218868437227405312 4607182418800017408 4696837146684686336 10 17
9218868437227405311 18442240474082181119 4607182418800017408 77 17
4693796111665205104 9221120237041090560 4664124145261740923 31 31
13919332218128746762 13916218524974192232 4665885208342131062 37 37
4639481672377565184 4636737291354636288 4632233691727265792 78 17
13918704691765571393 13918704691765571393 4607182418800017408 0 0
9221120237041090560 4696477338792689842 4664586584909738127 22 22
13903527307652207312 4693570186723136766 9221120237041090560 15 15
9218868437227405312 4607182418800017408 4696837146684686336 15 17
9218868437227405311 18442240474082181119 4607182418800017408 9 17
4691004233356077512 9221120237041090560 4655927683089246675 7 7
4694332249498432046 4689773848923821960 4665105536687321645 4 17
4639481672377565184 4636737291354636288 4632233691727265792 79 17
13885095168113517056 13885095168113517056 4607182418800017408 59 59
9221120237041090560 4695833719307713546 4666618717503971694 42 42
13912327013217423370 13916233200902605590 9221120237041090560 29 29
9218868437227405312 4607182418800017408 4696837146684686336 71 17
9218868437227405311 18442240474082181119 4607182418800017408 68 17
4694527470223338286 9221120237041090560 4664360458319718982 7 7
4684612134717332360 4691199172300850004 4661297769482126290 56 56
4639481672377565184 4636737291354636288 4632233691727265792 2 17
13898830433861293888 13898830433861293888 4607182418800017408 37 37
9221120237041090560 13917217096524763629 4663503587709470176 37 37
13916526791986074733 13919133373799386003 9221120237041090560 49 49
9218868437227405312 4607182418800017408 4696837146684686336 7 17
9218868437227405311 18442240474082181119 4607182418800017408 47 17
4693861052772957656 9221120237041090560 4663653657220902188 39 39
13918608897121952937 4684529711895334856 4661262768891003754 43 43
4639481672377565184 4636737291354636288 4632233691727265792 34 17
4689760121504517792 4689760121504517792 4607182418800017408 34 34
9221120237041090560 13914601489752806530 4652403842741631265 60 60
4693162542283158894 13902846851867455592 9221120237041090560 32 32
9218868437227405312 4607182418800017408 4696837146684686336 66 17
9218868437227405311 18442240474082181119 4607182418800017408 12 17
13914718338398829296 9221120237041090560 4666033322395181852 41 41
4690495119084859864 13919466355306943217 4664842386000602755 34 17
4639481672377565184 4636737291354636288 4632233691727265792 31 17
13914406063785924060 13914406063785924060 4607182418800017408 22 22
9221120237041090560 4684022119543495976 4666061018902036148 77 77
13902076814856330832 13918492231973025546 9221120237041090560 72 72
9218868437227405312 4607182418800017408 4696837146684686336 42 17
9218868437227405311 18442240474082181119 4607182418800017408 58 17
4696635989569709868 9221120237041090560 4653574709492980351 51 51
13918077116136432725 4696261773186707860 4659588128758052788 36 36
4639481672377565184 4636737291354636288 4632233691727265792 42 17
13914255007972333614 13914255007972333614 4607182418800017408 11 11
9221120237041090560 13913473701022443448 4657209708221297507 2 2
13916916084790049586 4695533866791333642 9221120237041090560 1 1
9218868437227405312 4607182418800017408 4696837146684686336 1 17
9218868437227405311 18442240474082181119 4607182418800017408 0 17
13916084878908729080 9221120237041090560 4656703463373594462 75 75
4679763419758824688 4696227058945163042 4666610542446573793 1 1
4639481672377565184 4636737291354636288 4632233691727265792 75 17
13912587382985846786 13912587382985846786 4607182418800017408 23 23
9221120237041090560 13919553494559527961 4664059289608022659 56 56
4691215987562641328 4693330609848059608 9221120237041090560 50 50
9218868437227405312 4607182418800017408 4696837146684686336 32 17
9218868437227405311 18442240474082181119 4607182418800017408 65 17
13910435136295348320 9221120237041090560 4666166357149501431 52 52
4695777176002640796 4693406822838225708 4645893992689294075 25 17
4639481672377565184 4636737291354636288 4632233691727265792 73 17
4690599326636709120 4690599326636709120 4607182418800017408 51 51
9221120237041090560 13917909761550543528 4662471126832634460 10 10
13918917544879884925 4689406101535442180 9221120237041090560 10 10
9218868437227405312 4607182418800017408 4696837146684686336 74 17
9218868437227405311 18442240474082181119 4607182418800017408 47 17
4694593368715245254 9221120237041090560 4657357745470136844 78 78
13920093297842546466 13912658328134017014 4663861746781081747 20 20
4639481672377565184 4636737291354636288 4632233691727265792 24 17
4691929358263136700 4691929358263136700 4607182418800017408 56 56
9221120237041090560 13913585225153062962 4666716424827733712 6 6
4690076929108603412 4692041710462818672 9221120237041090560 34 34
9218868437227405312 4607182418800017408 4696837146684686336 69 17
9218868437227405311 18442240474082181119 4607182418800017408 44 17
13917858187340695684 9221120237041090560 4666000648609040491 52 52
4694130335505840868 13918680747758286687 4646463414065824486 61 17
4639481672377565184 4636737291354636288 4632233691727265792 58 17
13917573615574779310 13917573615574779310 4607182418800017408 58 58
9221120237041090560 4693637601851775954 4661273169898210586 79 79
4694479901307147112 13911943390813599510 9221120237041090560 55 55
9218868437227405312 4607182418800017408 4696837146684686336 24 17
9218868437227405311 18442240474082181119 4607182418800017408 52 17
4690382564407502948 9221120237041090560 4662087593320132810 45 45
13917374951097470294 4694222759450340990 13859227777240986394 40 40
4639481672377565184 4636737291354636288 4632233691727265792 37 17
13915911899568542477 13915911899568542477 4607182418800017408 50 50
9221120237041090560 13916726177223062124 4654674238381734212 2 2
13915087779955012974 13900167761597740144 9221120237041090560 20 20
9218868437227405312 4607182418800017408 4696837146684686336 54 17
9218868437227405311 18442240474082181119 4607182418800017408 63 17
4688288131199301364 9221120237041090560 4666120959117448905 41 41
4690891031408590728 13916909682291105884 4660974006382660236 13 17
4639481672377565184 4636737291354636288 4632233691727265792 8 17
13915361654760342358 13915361654760342358 4607182418800017408 3 3
9221120237041090560 4695760027137716958 4662991405197016120 64 64
4694827963937343542 4696764052365748618 9221120237041090560 48 48
9218868437227405312 4607182418800017408 4696837146684686336 50 17
9218868437227405311 18442240474082181119 4607182418800017408 52 17
13909225341404225592 9221120237041090560 4659099889555981257 50 50
13891599676570018688 4692974018555702234 4657345897873760479 3 3
4639481672377565184 4636737291354636288 4632233691727265792 79 17
4692136533295357540 4692136533295357540 4607182418800017408 58 58
9221120237041090560 13912881254582611396 4665927409104633054 40 40
13906046738571800656 13913354881979394436 9221120237041090560 27 27
9218868437227405312 4607182418800017408 4696837146684686336 23 17
9218868437227405311 18442240474082181119 4607182418800017408 8 17
13916491746264777170 9221120237041090560 4662198228171749523 34 34
13908367106292936248 13913046695276710904 4656942240234107880 48 17
4639481672377565184 4636737291354636288 4632233691727265792 46 17
13919326353346992906 13919326353346992906 4607182418800017408 11 11
9221120237041090560 4695652859579203352 4661610570044822415 58 58
13918418331991567731 4693435730305311540 9221120237041090560 0 0
9218868437227405312 4607182418800017408 4696837146684686336 30 17
9218868437227405311 18442240474082181119 4607182418800017408 29 17
4677448467074515264 9221120237041090560 4655856541205145855 28 28
4683382085295714080 13912689981067889926 4653718590998078722 64 17
4639481672377565184 4636737291354636288 4632233691727265792 1 17
4692824000257808106 4692824000257808106 4607182418800017408 42 42
9221120237041090560 13912133688566178158 4658599407943412775 45 45
13913282051525760838 13918603907690366664 9221120237041090560 31 31
9218868437227405312 4607182418800017408 4696837146684686336 13 17
9218868437227405311 18442240474082181119 4607182418800017408 45 17
13919036123342750632 9221120237041090560 4654060804493921130 54 54
13919753423581466815 13919705468167070306 4656994881796973662 39 39
4639481672377565184 4636737291354636288 4632233691727265792 43 17
4694612377760817434 4694612377760817434 4607182418800017408 62 62
9221120237041090560 13911959472922374958 4648235087517225117 4 4
4676025686450299712 13917781768114885964 9221120237041090560 31 31
9218868437227405312 4607182418800017408 4696837146684686336 76 17
9218868437227405311 18442240474082181119 4607182418800017408 46 17
4695215573345208888 9221120237041090560 4659018367274091416 16 16
4694446575305192088 13916734448969280834 4665587416459309094 64 17
4639481672377565184 4636737291354636288 4632233691727265792 22 17
4674042456524081728 4674042456524081728 4607182418800017408 70 70
9221120237041090560 13905255391384189968 4656747976223748423 78 78
13918959144157780658 13918365754566308816 9221120237041090560 18 18
9218868437227405312 4607182418800017408 4696837146684686336 2 17
9218868437227405311 18442240474082181119 4607182418800017408 57 17
4684002374823233344 9221120237041090560 4656736039973884228 72 72
4694007537251515750 13911857005641066342 4666051264675131087 62 17
4639481672377565184 4636737291354636288 4632233691727265792 78 17
13913129327354082688 13913129327354082688 4607182418800017408 4 4
9221120237041090560 4687443949363399536 4664436537040354241 30 30
4694146140688262610 4694340990761362304 9221120237041090560 2 2
9218868437227405312 4607182418800017408 4696837146684686336 2 17
9218868437227405311 18442240474082181119 4607182418800017408 62 17
4694878968936708004 9221120237041090560 4662803966636841106 10 10
4696077177969089998 4696784523065486170 4659808027317484374 10 10
4639481672377565184 4636737291354636288 4632233691727265792 28 17
4695994498491472280 4695994498491472280 4607182418800017408 29 29
9221120237041090560 4696762466879131302 4658430480827607196 20 20
13915892411349610683 13917135098879748074 9221120237041090560 39 39
9218868437227405312 4607182418800017408 4696837146684686336 46 17
9218868437227405311 18442240474082181119 4607182418800017408 31 17
4688095640297644064 9221120237041090560 4655398098389289701 39 39
4691724359068454716 4690143208145005560 4666362742836076807 6 17
4639481672377565184 4636737291354636288 4632233691727265792 16 17
13911726306433568356 13911726306433568356 4607182418800017408 1 1
9221120237041090560 13916060630665115887 4665441487420047452 50 50
13917746211598486902 13916917891320964300 9221120237041090560 26 26
9218868437227405312 4607182418800017408 4696837146684686336 42 17
9218868437227405311 18442240474082181119 4607182418800017408 53 17
4671117452899981920 9221120237041090560 4660839550529002099 10 10
4693753991514508924 4688656267046358372 4666123240333816336 27 17
4639481672377565184 4636737291354636288 4632233691727265792 59 17
4695042906522306650 4695042906522306650 4607182418800017408 31 31
9221120237041090560 4695290728444715792 4663389530449683045 67 67
4690101840914407036 13912468871211036404 9221120237041090560 25 25
9218868437227405312 4607182418800017408 4696837146684686336 77 17
9218868437227405311 18442240474082181119 4607182418800017408 42 17
4694012141325928102 9221120237041090560 4652185227885351648 48 48
4689335868857548916 13916491900890036248 4658823210926326938 28 17
4639481672377565184 4636737291354636288 4632233691727265792 3 17
13916847483395077254 13916847483395077254 4607182418800017408 62 62
9221120237041090560 4695607769215602090 4653444739553725159 45 45
13915725547318209846 13917154187896093572 9221120237041090560 28 28
9218868437227405312 4607182418800017408 4696837146684686336 20 17
9218868437227405311 18442240474082181119 4607182418800017408 38 17
4696691807563442730 9221120237041090560 4661533978213678552 31 31
13919240622186067390 13917365626582371742 4661989834411176074 20 20
4639481672377565184 4636737291354636288 4632233691727265792 13 17
13920150466578221635 13920150466578221635 4607182418800017408 21 21
9221120237041090560 4688221130755876496 4660549642603862851 55 55
13911524338332849456 13919437332870742376 9221120237041090560 71 71
9218868437227405312 4607182418800017408 4696837146684686336 65 17
9218868437227405311 18442240474082181119 4607182418800017408 54 17
4693719918528362554 9221120237041090560 13855861547773671938 11 11
4692449072031378528 4689786629135321448 4651942452418426312 45 17
4639481672377565184 4636737291354636288 4632233691727265792 67 17
4696440444487456372 4696440444487456372 4607182418800017408 71 71
9221120237041090560 13911372424852264328 4643533189169702828 15 15
4689762654156242892 13911714820859731628 9221120237041090560 31 31
9218868437227405312 4607182418800017408 4696837146684686336 45 17
9218868437227405311 18442240474082181119 4607182418800017408 35 17
4694223028105545234 9221120237041090560 4662702576675372945 35 35
13909683731916048292 13918579990693907992 4663138271673267531 11 17
4639481672377565184 4636737291354636288 4632233691727265792 17 17
4688324004042055104 4688324004042055104 4607182418800017408 13 13
9221120237041090560 13912565759350373784 4652821507568473132 40 40
13908110498863079368 13912440972941800770 9221120237041090560 12 12
9218868437227405312 4607182418800017408 4696837146684686336 52 17
9218868437227405311 18442240474082181119 4607182418800017408 73 17
4694416342436274992 9221120237041090560 4663571128639702961 33 33
13913187212843033734 4689000652332855716 4658465674582170556 20 20
4639481672377565184 4636737291354636288 4632233691727265792 48 17
4672957882040188544 4672957882040188544 4607182418800017408 66 66
9221120237041090560 13899147697962017184 4661801790221437938 73 73
4692344246818377640 13898225722934627232 9221120237041090560 16 16
9218868437227405312 4607182418800017408 4696837146684686336 13 17
9218868437227405311 18442240474082181119 4607182418800017408 46 17
4693724219916489190 9221120237041090560 4666721328421934862 10 10
13898687567018016048 13917556307719960676 4655536438278539590 60 17
4639481672377565184 4636737291354636288 4632233691727265792 50 17
4689019065989998060 4689019065989998060 4607182418800017408 22 22
9221120237041090560 4696780854993685444 4661180012347666870 67 67
13912489829294008740 4684674909410955784 9221120237041090560 36 36
9218868437227405312 4607182418800017408 4696837146684686336 25 17
9218868437227405311 18442240474082181119 4607182418800017408 71 17
13909624176007434476 9221120237041090560 4666080473644437903 37 37
13917511259120891176 4694234510204173172 4649754340947747324 67 67
4639481672377565184 4636737291354636288 4632233691727265792 25 17
4693641280761566986 4693641280761566986 4607182418800017408 74 74
9221120237041090560 13911486420365713460 13858967521742491331 9 9
13919636406917933347 13919550155455275600 9221120237041090560 72 72
9218868437227405312 4607182418800017408 4696837146684686336 64 17
9218868437227405311 18442240474082181119 4607182418800017408 62 17
4694294402910539574 9221120237041090560 4662820899610580175 1 1
4693673361193877494 4695470385628733462 4660416543614545103 27 27
4639481672377565184 4636737291354636288 4632233691727265792 34 17
4696612551389953396 4696612551389953396 4607182418800017408 76 76
9221120237041090560 4683310319723664768 4665352571346436896 26 26
13916871458175419240 13908859758158375420 9221120237041090560 43 43
9218868437227405312 4607182418800017408 4696837146684686336 46 17
9218868437227405311 18442240474082181119 4607182418800017408 2 17
4692362154976532728 9221120237041090560 4663868943976286167 6 6
13919845088613852080 4685749917265685040 4662397240567021362 1 1
4639481672377565184 4636737291354636288 4632233691727265792 70 17
4687468951370914184 4687468951370914184 4607182418800017408 64 64
9221120237041090560 13907763017108186200 4640078216335945190 31 31
13912023028684750496 13915367254008139492 9221120237041090560 30 30
9218868437227405312 4607182418800017408 4696837146684686336 51 17
9218868437227405311 18442240474082181119 4607182418800017408 78 17
13914540932942056808 9221120237041090560 4653205894138718800 79 79
4692964084642225512 13918472104531541011 4666118108502783426 59 17
4639481672377565184 4636737291354636288 4632233691727265792 54 17
13918208334543436025 13918208334543436025 4607182418800017408 76 76
9221120237041090560 13916212826806813926 4663211896737157283 3 3
4693121800382743218 13915732910899898605 9221120237041090560 12 12
9218868437227405312 4607182418800017408 4696837146684686336 73 17
9218868437227405311 18442240474082181119 4607182418800017408 15 17
4687297706291229256 9221120237041090560 4664948892018224109 35 35
13919786152266897460 13914263663252850330 4666592767738137824 13 13
4639481672377565184 4636737291354636288 4632233691727265792 69 17
13914499533945182742 13914499533945182742 4607182418800017408 37 37
9221120237041090560 4689594717278547612 4666445353286063808 52 52
4693120592239842324 4686481991995629912 9221120237041090560 67 67
9218868437227405312 4607182418800017408 4696837146684686336 47 17
9218868437227405311 18442240474082181119 4607182418800017408 22 17
13919168205073418031 9221120237041090560 4656815727918531398 73 73
13918859620450199862 4696260930432930144 4663141833723646845 59 59
4639481672377565184 4636737291354636288 4632233691727265792 36 17
13912207420670438286 13912207420670438286 4607182418800017408 41 41
9221120237041090560 13909498263460031280 4665748280982126665 41 41
13911569027270892340 4689279240358945180 9221120237041090560 63 63
9218868437227405312 4607182418800017408 4696837146684686336 31 17
9218868437227405311 18442240474082181119 4607182418800017408 24 17
13919823480727676120 9221120237041090560 4653677512539471244 55 55
13918870800525018289 4694421063470575210 4664351584732233500 54 54
4639481672377565184 4636737291354636288 4632233691727265792 33 17
13910854006373786712 13910854006373786712 4607182418800017408 75 75
9221120237041090560 4696628148479038772 4660786643016890649 32 32
13918890086325921655 13917147526956023630 9221120237041090560 38 38
9218868437227405312 4607182418800017408 4696837146684686336 50 17
9218868437227405311 18442240474082181119 4607182418800017408 61 17
4690715106885185252 9221120237041090560 4657443903089461622 5 5
13905427583139497952 13918147347456384139 4662683639107830140 24 17
4639481672377565184 4636737291354636288 4632233691727265792 33 17
4694907980723618522 4694907980723618522 4607182418800017408 64 64
9221120237041090560 4678325088999720576 4658179956046028910 47 47
13913453195525144416 4693172547113960730 9221120237041090560 8 8
9218868437227405312 4607182418800017408 4696837146684686336 75 17
9218868437227405311 18442240474082181119 4607182418800017408 68 17
4690412800237493060 9221120237041090560 4647411301818413526 16 16
4695037321181973162 13919106892623254703 4658781954832044913 37 17
4639481672377565184 4636737291354636288 4632233691727265792 8 17
13910385276463888196 13910385276463888196 4607182418800017408 39 39
9221120237041090560 13905220147609264904 4655946437224956959 76 76
4688174116818988696 4687264681547735608 9221120237041090560 19 19
9218868437227405312 4607182418800017408 4696837146684686336 68 17
9218868437227405311 18442240474082181119 4607182418800017408 24 17
13890289847595451456 9221120237041090560 4666126337078401640 73 73
13904587989603431464 4690390805660508568 4665095493267442073 15 15
4639481672377565184 4636737291354636288 4632233691727265792 20 17
13909354699839159872 13909354699839159872 4607182418800017408 45 45
9221120237041090560 4688655041406091768 4664134388248152889 61 61
4689587153656723280 13918503135132791978 9221120237041090560 33 33
9218868437227405312 4607182418800017408 4696837146684686336 48 17
9218868437227405311 18442240474082181119 4607182418800017408 61 17
13917484707974209928 9221120237041090560 4661547496503150958 75 75
4694071922370347164 13920154159322253661 4661416086757490365 60 17
4639481672377565184 4636737291354636288 4632233691727265792 68 17
13902752986724664056 13902752986724664056 4607182418800017408 48 48
9221120237041090560 4688943937956042652 4647744586903003381 9 9
13912617585037447654 4678070802059617952 9221120237041090560 75 75
9218868437227405312 4607182418800017408 4696837146684686336 72 17
9218868437227405311 18442240474082181119 4607182418800017408 6 17
13911848012569701396 9221120237041090560 4656823551740992184 28 28
13909745378637892980 13915654585348840496 4664178421325411021 52 17
4639481672377565184 4636737291354636288 4632233691727265792 16 17
4695289855079425836 4695289855079425836 4607182418800017408 61 61
9221120237041090560 13916157745495397094 4660307808678669194 13 13
13916246287517580638 13912105519008757080 9221120237041090560 45 45
9218868437227405312 4607182418800017408 4696837146684686336 64 17
9218868437227405311 18442240474082181119 4607182418800017408 61 17
4695605155804722136 9221120237041090560 4666408197653655645 28 28
4692454945780988360 4696236306244255340 4665491235951988319 15 15
4639481672377565184 4636737291354636288 4632233691727265792 13 17
13917119971292386720 13917119971292386720 4607182418800017408 1 1
9221120237041090560 13913259468441004966 4666190730930421220 17 17
13910844270969387252 13901927961263300256 9221120237041090560 5 5
9218868437227405312 4607182418800017408 4696837146684686336 73 17
9218868437227405311 18442240474082181119 4607182418800017408 54 17
13917506984338390960 9221120237041090560 4663488637760016532 68 68
13918285999888677285 4688653983537792724 4665519365605735442 58 58
4639481672377565184 4636737291354636288 4632233691727265792 13 17
4693957636882941126 4693957636882941126 4607182418800017408 40 40
9221120237041090560 4674455253747843936 4636563090205026828 4 4
13905795121133884024 4695071873665583518 9221120237041090560 38 38
9218868437227405312 4607182418800017408 4696837146684686336 52 17
9218868437227405311 18442240474082181119 4607182418800017408 38 17
13917205754376276870 9221120237041090560 4664762169064133930 5 5
4696175749731053326 13917390047588619815 4666697392237548630 12 17
4639481672377565184 4636737291354636288 4632233691727265792 56 17
13920160145441002122 13920160145441002122 4607182418800017408 26 26
9221120237041090560 13916677084911539094 4666718308642859737 28 28
13917446734585843306 4696663489247392278 9221120237041090560 48 48
9218868437227405312 4607182418800017408 4696837146684686336 59 17
9218868437227405311 18442240474082181119 4607182418800017408 0 17
13909485294897398864 9221120237041090560 4659026387077489418 4 4
4693209946967269814 13919339847441676715 4658798236727667697 23 17
4639481672377565184 4636737291354636288 4632233691727265792 4 17
13911196646184155976 13911196646184155976 4607182418800017408 9 9
9221120237041090560 4693468403364301640 4660534490231137439 49 49
4695652611283433078 4695676653160885868 9221120237041090560 36 36
9218868437227405312 4607182418800017408 4696837146684686336 72 17
9218868437227405311 18442240474082181119 4607182418800017408 6 17
4692994314628536762 9221120237041090560 4662432310551901109 10 10
4684081018285348192 4693326275577257036 4639134831000975036 38 38
4639481672377565184 4636737291354636288 4632233691727265792 17 17
4694291975918336040 4694291975918336040 4607182418800017408 15 15
9221120237041090560 13918560319361750874 4665912782004311171 18 18
4692142570639617316 4695383184609307296 9221120237041090560 26 26
9218868437227405312 4607182418800017408 4696837146684686336 77 17
9218868437227405311 18442240474082181119 4607182418800017408 46 17
4680309329818603344 9221120237041090560 4666559032319346652 54 54
4695296003934478750 13918623397285596944 4657656676939874990 33 17
4639481672377565184 4636737291354636288 4632233691727265792 69 17
13893506082720269056 13893506082720269056 4607182418800017408 10 10
9221120237041090560 4687210016542850344 4666065374722525658 51 51
13914543586028194130 13904086934230302560 9221120237041090560 24 24
9218868437227405312 4607182418800017408 4696837146684686336 52 17
9218868437227405311 18442240474082181119 4607182418800017408 63 17
13914760467014787204 9221120237041090560 4666128835560445327 8 8
13912670784149878848 13919887635154857970 4657561468567325957 11 17
4639481672377565184 4636737291354636288 4632233691727265792 60 17
4691824651667754680 4691824651667754680 4607182418800017408 76 76
9221120237041090560 13916368493220278896 4661505399425674978 34 34
13918858296353951520 13915967978558126854 9221120237041090560 43 43
9218868437227405312 4607182418800017408 4696837146684686336 4 17
9218868437227405311 18442240474082181119 4607182418800017408 69 17
4685952066205882784 9221120237041090560 4657034591399864095 0 0
4693590459722215906 4689169199617841656 4665846584407196045 23 17
4639481672377565184 4636737291354636288 4632233691727265792 39 17
4678760711872821888 4678760711872821888 4607182418800017408 3 3
9221120237041090560 13916926408535532403 4662955701762717718 55 55
13912392271756848728 4686695366003353896 9221120237041090560 9 9
9218868437227405312 4607182418800017408 4696837146684686336 38 17
9218868437227405311 18442240474082181119 4607182418800017408 75 17
4693453150568912036 9221120237041090560 4638151521633804628 42 42
4690835524761555360 4694816839970783372 4666121738861619270 40 40
4639481672377565184 4636737291354636288 4632233691727265792 3 17
13919868752223168170 13919868752223168170 4607182418800017408 21 21
9221120237041090560 4694657894320838168 4655276947532878347 7 7
13916043710448607841 4691936067281815112 9221120237041090560 67 67
9218868437227405312 4607182418800017408 4696837146684686336 63 17
9218868437227405311 18442240474082181119 4607182418800017408 40 17
4693620827015375752 9221120237041090560 13859693288240212035 31 31
13909133187095135404 13906885352091441320 4652323228971151889 72 72
4639481672377565184 4636737291354636288 4632233691727265792 46 17
13895407157769959872 13895407157769959872 4607182418800017408 19 19
9221120237041090560 13910851895326011892 4665956120181402366 19 19
4695202084472813066 13914396023102497860 9221120237041090560 56 56
9218868437227405312 4607182418800017408 4696837146684686336 8 17
9218868437227405311 18442240474082181119 4607182418800017408 8 17
13916603158092843818 9221120237041090560 4646301746081800080 25 25
4688141718957957592 4689590931135561884 4658617306910004345 7 7
4639481672377565184 4636737291354636288 4632233691727265792 63 17
13910395332087944716 13910395332087944716 4607182418800017408 76 76
9221120237041090560 4694946343815441144 4660287095139098536 54 54
4688357933089895508 4688447068127112404 9221120237041090560 64 64
9218868437227405312 4607182418800017408 4696837146684686336 26 17
9218868437227405311 18442240474082181119 4607182418800017408 40 17
13914520684119999386 9221120237041090560 4633762998100527864 27 27
4695386566111582236 13915005089739771736 4662000415221132032 24 17
4639481672377565184 4636737291354636288 4632233691727265792 18 17
4691018473903020672 4691018473903020672 4607182418800017408 2 2
9221120237041090560 4691391941443429304 4662464842006211518 71 71
13914169286533698994 4692499372442453180 9221120237041090560 50 50
9218868437227405312 4607182418800017408 4696837146684686336 67 17
9218868437227405311 18442240474082181119 4607182418800017408 50 17
13919029230617456454 9221120237041090560 4665565804733810155 64 64
13913072747990544734 13913219529877988574 4655280889674816440 76 17
4639481672377565184 4636737291354636288 4632233691727265792 19 17
13906069639213079416 13906069639213079416 4607182418800017408 38 38
9221120237041090560 4693038209812304194 4663372680393767172 17 17
4691991544615859744 4688240682388202376 9221120237041090560 0 0
9218868437227405312 4607182418800017408 4696837146684686336 16 17
9218868437227405311 18442240474082181119 4607182418800017408 54 17
13912544619430055866 9221120237041090560 4662019918137173244 36 36
4688575806725251968 4686647990749935008 4662635428325182641 24 17
4639481672377565184 4636737291354636288 4632233691727265792 58 17
4692785835005305334 4692785835005305334 4607182418800017408 15 15
9221120237041090560 4694651137404707214 4661488817770824785 17 17
13912000341309820186 13911765314800689030 9221120237041090560 28 28
9218868437227405312 4607182418800017408 4696837146684686336 45 17
9218868437227405311 18442240474082181119 4607182418800017408 55 17
4681338672262516752 9221120237041090560 4657292958008111520 50 50
13918971315162000314 4693320026698437562 4660542093610511521 19 19
4639481672377565184 4636737291354636288 4632233691727265792 63 17
13909177124746676856 13909177124746676856 4607182418800017408 62 62
9221120237041090560 13916905792172996966 4661351106518946637 13 13
4692127025611667164 4694802918491546292 9221120237041090560 70 70
9218868437227405312 4607182418800017408 4696837146684686336 76 17
9218868437227405311 18442240474082181119 4607182418800017408 31 17
4690961302362115376 9221120237041090560 4663030615530340422 29 29
4696388078526634808 4684086047753548712 4661811236194625461 4 17
4639481672377565184 4636737291354636288 4632233691727265792 17 17
4689256217867952984 4689256217867952984 4607182418800017408 4 4
9221120237041090560 4693723477124352190 4663057267642601671 48 48
13917839598960890538 13918714989949299172 9221120237041090560 57 57
9218868437227405312 4607182418800017408 4696837146684686336 54 17
9218868437227405311 18442240474082181119 4607182418800017408 47 17
4693156977455245644 9221120237041090560 4664656240446094013 71 71
13908834147700350188 13920028337741808175 4662464214506206448 66 17
4639481672377565184 4636737291354636288 4632233691727265792 77 17
13919098867110555104 13919098867110555104 4607182418800017408 19 19
9221120237041090560 13896192929075607456 4663723036574269028 75 75
13917571952274875708 13903215411684342008 9221120237041090560 8 8
9218868437227405312 4607182418800017408 4696837146684686336 22 17
9218868437227405311 18442240474082181119 4607182418800017408 61 17
4685810026753242504 9221120237041090560 4663923486807544660 46 46
4688564033856102196 4696404964657419528 4658676141581642806 47 47
4639481672377565184 4636737291354636288 4632233691727265792 9 17
13917737292340401883 13917737292340401883 4607182418800017408 48 48
9221120237041090560 4690237888535361316 4662064813826441643 51 51
4688324304792878020 4694801165399192738 9221120237041090560 33 33
9218868437227405312 4607182418800017408 4696837146684686336 22 17
9218868437227405311 18442240474082181119 4607182418800017408 13 17
4684811148157397720 9221120237041090560 4644499626822154106 65 65
13913433179011503406 4694139686277709204 4649303934933311109 42 42
4639481672377565184 4636737291354636288 4632233691727265792 63 17
4693126004639436466 4693126004639436466 4607182418800017408 74 74
9221120237041090560 4685264423514222784 4664867687644255685 77 77
13914699468059700966 4696747604067596982 9221120237041090560 70 70
9218868437227405312 4607182418800017408 4696837146684686336 14 17
9218868437227405311 18442240474082181119 4607182418800017408 33 17
4682539275597102576 9221120237041090560 4655147830398422304 12 12
13917226645769029576 4693649326694821406 4666595008595269403 2 2
4639481672377565184 4636737291354636288 4632233691727265792 3 17
4690274150489184484 4690274150489184484 4607182418800017408 62 62
9221120237041090560 13913800255590840050 4662360178880489045 16 16
4683848482096522224 4695978666359384278 9221120237041090560 78 78
9218868437227405312 4607182418800017408 4696837146684686336 27 17
9218868437227405311 18442240474082181119 4607182418800017408 62 17
4695536921543267696 9221120237041090560 4665710619118296280 46 46
13917538384219070346 4691168646029348636 4658849666079932397 49 49
4639481672377565184 4636737291354636288 4632233691727265792 54 17
4693490114550236560 4693490114550236560 4607182418800017408 57 57
9221120237041090560 13912612525573850182 4657477771272367012 4 4
4677711758884162016 4694452778986422798 9221120237041090560 29 29
9218868437227405312 4607182418800017408 4696837146684686336 0 17
9218868437227405311 18442240474082181119 4607182418800017408 63 17
13911026867158457564 9221120237041090560 4658866817401054171 63 63
13914858718911022400 13904523986492472376 4660703488352396479 48 48
4639481672377565184 4636737291354636288 4632233691727265792 50 17
4694874586644098034 4694874586644098034 4607182418800017408 5 5
9221120237041090560 4693342209691167890 4662742659614211034 45 45
13919974418418053214 13907312993249002196 9221120237041090560 13 13
9218868437227405312 4607182418800017408 4696837146684686336 41 17
9218868437227405311 18442240474082181119 4607182418800017408 65 17
13902700998015664712 9221120237041090560 4664897649073954046 73 73
13919844168735631366 4692475282671435992 4634029999167813828 55 55
4639481672377565184 4636737291354636288 4632233691727265792 31 17
4690387883079427252 4690387883079427252 4607182418800017408 3 3
9221120237041090560 4692388065245058188 4652707653499575263 42 42
4681228141080960512 4688512807529100324 9221120237041090560 12 12
9218868437227405312 4607182418800017408 4696837146684686336 11 17
9218868437227405311 18442240474082181119 4607182418800017408 15 17
4681821334238832496 9221120237041090560 4626160442298369948 8 8
4694089238374848350 13919655082747935239 4656137309228052210 43 17
4639481672377565184 4636737291354636288 4632233691727265792 35 17
4695298324429212852 4695298324429212852 4607182418800017408 23 23
9221120237041090560 13919301959578993447 4666098214219551144 64 64
4695725019539601024 4680643283855229472 9221120237041090560 26 26
9218868437227405312 4607182418800017408 4696837146684686336 72 17
9218868437227405311 18442240474082181119 4607182418800017408 74 17
13917908879794056610 9221120237041090560 4657526592705586265 61 61
13916591239429080404 4688301992697340272 4666342443673753564 14 14
4639481672377565184 4636737291354636288 4632233691727265792 22 17
4693787253222931868 4693787253222931868 4607182418800017408 41 41
9221120237041090560 4672615473113586240 4648133655379568924 35 35
4691381213790082328 13913036866368241756 9221120237041090560 26 26
9218868437227405312 4607182418800017408 4696837146684686336 25 17
9218868437227405311 18442240474082181119 4607182418800017408 55 17
4691630437915232736 9221120237041090560 4666439264990634261 10 10
13900834482613448880 13916652314323066108 4661503055283275121 78 17
4639481672377565184 4636737291354636288 4632233691727265792 77 17
4696232076519051360 4696232076519051360 4607182418800017408 64 64
9221120237041090560 4689841065954796116 4665158327797583846 53 53
4679980486672305040 13918700194842796396 9221120237041090560 32 32
9218868437227405312 4607182418800017408 4696837146684686336 76 17
9218868437227405311 18442240474082181119 4607182418800017408 77 17
13913183470629192142 9221120237041090560 4661750822858203629 55 55
13908632650973243780 13912429387267264766 4665233363608593790 14 17
4639481672377565184 4636737291354636288 4632233691727265792 79 17
4692690931695943572 4692690931695943572 4607182418800017408 38 38
9221120237041090560 4683671601321858272 4659008042005799046 48 48
13899401206613880608 4693083060794136096 9221120237041090560 74 74
9218868437227405312 4607182418800017408 4696837146684686336 75 17
9218868437227405311 18442240474082181119 4607182418800017408 43 17
4688793759092977080 9221120237041090560 4662940578540986830 60 60
4693688094359110032 13916336181860668826 4661754171580292918 77 17
4639481672377565184 4636737291354636288 4632233691727265792 19 17
13918324067575713311 13918324067575713311 4607182418800017408 73 73
9221120237041090560 4687955154770142544 4666235740141374993 26 26
13913678382426455738 13919219209633080556 9221120237041090560 14 14
9218868437227405312 4607182418800017408 4696837146684686336 36 17
9218868437227405311 18442240474082181119 4607182418800017408 42 17
4684760369283880448 9221120237041090560 4658595726383220752 75 75
13917431049530675853 13915644773636171333 4659287624252889933 0 0
4639481672377565184 4636737291354636288 4632233691727265792 18 17
13913500926293273716 13913500926293273716 4607182418800017408 49 49
9221120237041090560 13915202381329380108 4659023412674776077 7 7
13904786376268767736 4695118008010840734 9221120237041090560 67 67
9218868437227405312 4607182418800017408 4696837146684686336 44 17
9218868437227405311 18442240474082181119 4607182418800017408 44 17
13917328296913368502 9221120237041090560 4660920647104188242 33 33
4693119122047703074 13906239029914905264 4658588851695947849 67 17
4639481672377565184 4636737291354636288 4632233691727265792 28 17
4693923466794887140 4693923466794887140 4607182418800017408 33 33
9221120237041090560 13914453837063033348 4656437070642009674 42 42
4693832575288118018 13917181574805247916 9221120237041090560 15 15
9218868437227405312 4607182418800017408 4696837146684686336 40 17
9218868437227405311 18442240474082181119 4607182418800017408 37 17
4693142141562952488 9221120237041090560 4665545142239948591 1 1
