0 4608308318706860032 9223372036854775808 4593671619917905920 1 1 4608308318706860032 9223372036854775808 4593671619917905920
1 13835058055282163712 4613937818241073152 13839561654909534208 2 1 0 0 0
2 0 13821547256400052224 4602678819172646912 3 1 13821547256400052224 4602678819172646912 0
3 4620693217682128896 4625196817309499392 4629700416936869888 4 1 0 0 0
4 13844065254536904704 13848568854164275200 13853072453791645696 0 1 0 0 0
42 9607322161900909158 2464765278566582972 13297594269363903938 0 1 0 0 0
7 17444171210150376942 6567839332584942096 9770621759530327857 0 1 0 0 0
4 2297983254561753802 18185094297472730774 12866042257794296776 0 1 0 0 0
3 10760198232510463962 14672240828082357917 2712131813201864316 4 1 0 0 0
1 17797283099460776866 14013940884064132951 15687211084263741715 2 1 0 0 0
0 12532648586842813227 5321642065988187542 3550178339426522265 1 1 12532648586842813227 5321642065988187542 3550178339426522265
4 2362095329605139183 4627769919018454588 18024228232371628933 0 1 0 0 0
2 13348268254322201133 6563801421070292218 17918284572086816848 3 1 6563801421070292218 17918284572086816848 0
4 8304691260946387590 1880697251987496262 10918202092092016811 0 1 0 0 0
7 8798509039997749490 16683652086332015397 11115092788098045249 0 1 0 0 0
7 8397170456531708776 15445155880504093853 1847651182217209926 0 1 0 0 0
2 9207486953699769748 8083290228896342555 8136299339753908821 3 1 8083290228896342555 8136299339753908821 0
2 14722787114589845684 1509703965345542719 13978531602757487919 3 1 1509703965345542719 13978531602757487919 0
3 2640266152248174834 16321199857035536293 905091766180454718 4 1 0 0 0
4 5782872072433522175 2226839275626442524 4009806325574056805 0 1 0 0 0
2 11873481543611749464 16876228273296595439 1898855901568552932 3 1 16876228273296595439 1898855901568552932 0
42 9918479110207869056 4339161864454732308 16749637213641760482 0 1 0 0 0
1 11050295904421224370 3660483710240281694 16323261314067309595 2 1 0 0 0
4294967295 14505795169535211061 14513469553399638654 11333241351189916944 0 1 0 0 0
0 5620570580171248734 16143928402376922347 4757897717037291334 1 1 5620570580171248734 16143928402376922347 4757897717037291334
0 4775124445088031776 487926052350618698 6415709633459559870 1 1 4775124445088031776 487926052350618698 6415709633459559870
4294967295 18436265176576235591 16250749777375956839 17931276608936182434 0 1 0 0 0
1 4350227686510872820 17066556953355365358 11976592327759331011 2 1 0 0 0
4 4170749365442719538 11383453959690704238 11847572101015648385 0 1 0 0 0
4 8707562977477776413 3418396208909752662 17388060143033501544 0 1 0 0 0
3 5908328780670663617 14143122025226109727 1267745665592213500 4 1 0 0 0
1 14959953519480708679 16486090151311137790 9092810803791709144 2 1 0 0 0
0 15866352159700343122 7209206955250746044 18002700567719684178 1 1 15866352159700343122 7209206955250746044 18002700567719684178
4 12542055053527537529 15374428931154335974 17125924340860200810 0 1 0 0 0
1 6690929155356711479 2516896310307004666 14594910475471871527 2 1 0 0 0
42 11427273105179644271 9857308901444363022 9301003001726238883 0 1 0 0 0
1 3812001193942340808 8990417315434513275 1357093157936552150 2 1 0 0 0
2 9126298209739041788 2535492543998230300 8254231959363478642 3 1 2535492543998230300 8254231959363478642 0
42 17269742440709320251 5241223435928852761 6775648619240952135 0 1 0 0 0
2 13043124758652258716 143237411720819598 6684507867702768530 3 1 143237411720819598 6684507867702768530 0
4 16567390725545673404 3313636233365944748 16310015458188316309 0 1 0 0 0
1 15758163215198212398 6568834740680749394 18317126685916219964 2 1 0 0 0
1 7478410201907257058 8377369653013795245 11002636903292719554 2 1 0 0 0
4294967295 10390095947398219747 10583435265374728972 3629334858186512572 0 1 0 0 0
42 12332196685249072394 871269279100537873 13023465138711645481 0 1 0 0 0
42 12564208892351676988 3157492335726500844 695752568988589232 0 1 0 0 0
3 17162460168545947356 10072805126644873981 5541551377594912577 4 1 0 0 0
3 7613194271336539146 15959166710295203078 12223865827814719256 4 1 0 0 0
4294967295 6315460135485223506 8353100437448991914 11855892947658082278 0 1 0 0 0
4294967295 7738086624637543198 583398098978923573 4924964741589583268 0 1 0 0 0
4294967295 3754778133609353198 15988432389266007940 5592366489979680384 0 1 0 0 0
7 11347637047363131366 16596011780465293640 5748896907036278105 0 1 0 0 0
7 850904921851547649 16610390366090540490 16213460899540381742 0 1 0 0 0
4294967295 16649269175434009481 5015556334419995299 12792478473652178042 0 1 0 0 0
3 17042112487757873127 2734024304852032225 17395698122166368946 4 1 0 0 0
3 11560906555157242504 11396770146731451048 3811299864501511519 4 1 0 0 0
1 14925447279061779102 13978828463918312458 15827589908471808920 2 1 0 0 0
4 1018177572069152694 969716402943727848 13874915412106446420 0 1 0 0 0
4294967295 10506688281773840795 13167561650158473939 2880643438030965870 0 1 0 0 0
42 7159305649770417239 16205586970449839586 17857874566116807657 0 1 0 0 0
1 1658612468484555399 1090481561956507890 3679803175738796937 2 1 0 0 0
7 5734291711963030317 4930585149047834011 2326130823960836680 0 1 0 0 0
1 3841526576668470710 14719258339666442415 257988512483372172 2 1 0 0 0
0 13240629171491893368 13303629704036788822 14999989333153672103 1 1 13240629171491893368 13303629704036788822 14999989333153672103
2 6854401957655086407 16304389673575584506 10268409270814334411 3 1 16304389673575584506 10268409270814334411 0
2 7048029188543078412 2074399544328352598 1256266474122169757 3 1 2074399544328352598 1256266474122169757 0
0 1415502274107629546 2439402241840278694 11989893677773525587 1 1 1415502274107629546 2439402241840278694 11989893677773525587
4294967295 9290950862881541571 17442259321048830655 4096013338843657359 0 1 0 0 0
4294967295 2601890804263908323 7399201275657996478 5911687033145624266 0 1 0 0 0
4294967295 487162577312984542 13723886731425695431 11927625296237867383 0 1 0 0 0
4 15593573192126913663 12325662380985980917 9457365651781235148 0 1 0 0 0
4294967295 10365750720943754236 16557088987257130618 1796589447369316843 0 1 0 0 0
4294967295 10367639769969472243 5885316106571550929 11363319370520881655 0 1 0 0 0
2 15696740415022269134 3626205128999222515 16357798065398490481 3 1 3626205128999222515 16357798065398490481 0
1 16405364440089490878 126784729467961683 12862199441119609978 2 1 0 0 0
4 15349417982993335544 5837902537585277481 13908073805991998925 0 1 0 0 0
0 15837451146242428804 12098574970969368921 934996625981557613 1 1 15837451146242428804 12098574970969368921 934996625981557613
4294967295 561415416333556729 15341325266251089827 3311942223789656492 0 1 0 0 0
2 4079727387544728227 16241333724423989101 7239642512955778589 3 1 16241333724423989101 7239642512955778589 0
7 4550116543918301795 12739556778837154710 2553780296740906650 0 1 0 0 0
0 18408219900677125078 4254684427486983247 7998826388526695663 1 1 18408219900677125078 4254684427486983247 7998826388526695663
4294967295 284624754298053660 5360979002351016801 5716773851517344119 0 1 0 0 0
2 12452902178601397508 3842801657676237879 17785065638068534821 3 1 3842801657676237879 17785065638068534821 0
7 13015892910633567294 10250374440539794358 16742671592056094077 0 1 0 0 0
0 6426492417415420418 5809214730846317961 2729624563937183400 1 1 6426492417415420418 5809214730846317961 2729624563937183400
3 14476265441316374662 16143216007278505923 2874669615836015327 4 1 0 0 0
1 4231813979095808542 3303819918311605006 10870720088307581838 2 1 0 0 0
0 8209150885319469904 2486325620952428248 16433319177619412358 1 1 8209150885319469904 2486325620952428248 16433319177619412358
2 9049765945818257732 14012039343158551983 2319103759641847681 3 1 14012039343158551983 2319103759641847681 0
7 13931696770274426897 8777374258616052415 14574346506391675688 0 1 0 0 0
2 11470133177070112827 9771809409680069551 15354432291066361774 3 1 9771809409680069551 15354432291066361774 0
1 13362855388608292616 2216589276642071548 8219579671911804251 2 1 0 0 0
4 12658360538220046532 14038519854078290133 11433590606345364996 0 1 0 0 0
7 13459401510505469970 2628978005638410383 12756258974874611165 0 1 0 0 0
7 14098166697051954984 13501488585196342017 17352201018735407212 0 1 0 0 0
1 14685109740357257882 6597100377481402147 17216942073784410839 2 1 0 0 0
3 9257490508776450915 14063039708295773584 18045645471843006925 4 1 0 0 0
4294967295 6973789492807480354 7558071108482462579 18409225773669765846 0 1 0 0 0
4294967295 8406110039530545878 9163230948509453060 13700384617281967015 0 1 0 0 0
42 2033761863983401007 12746145364665522113 3218386331967324196 0 1 0 0 0
2 1767391253224610504 2649994649312247475 3332114461848249979 3 1 2649994649312247475 3332114461848249979 0
2 18152153763903116315 5733183551733375935 16994562640112114064 3 1 5733183551733375935 16994562640112114064 0
7 222831527344835845 15883348996378676036 17946485135644901858 0 1 0 0 0
42 5254072573555589269 9762754722512103049 11711543392022550300 0 1 0 0 0
42 5102021026771633142 13803163288288681873 9506659520185069127 0 1 0 0 0
2 16756457425711236064 5533234760341966005 1838863855111140137 3 1 5533234760341966005 1838863855111140137 0
7 5513835934421816498 8875606971149513478 8749993304217785591 0 1 0 0 0
3 8278299118587693068 4034384230953567634 13750768254280680775 4 1 0 0 0
3 16537123252764055559 16728615090479328951 9060540277741909104 4 1 0 0 0
7 11034391637802385404 15444474952000780793 17543231002794559633 0 1 0 0 0
4 17599538939893282885 10673304726838940388 1930201889337125899 0 1 0 0 0
4294967295 15153111346308490084 7752060168098521937 2671485119074986900 0 1 0 0 0
1 270868461036530177 6705599285626090735 4185992762004769211 2 1 0 0 0
4 11925990934595476612 783565881626507706 18412666876467490871 0 1 0 0 0
2 8320396838799439670 5628056206433075068 10449890451932575599 3 1 5628056206433075068 10449890451932575599 0
4294967295 4204324502204658821 6533227640541144516 13689524999278246994 0 1 0 0 0
42 11787619862539744468 7557817986398995975 2603112138871458169 0 1 0 0 0
4294967295 2342434400827379004 13678728869936354573 8799458429016341294 0 1 0 0 0
1 14426814776003235565 17729518531588228941 1514075021356769936 2 1 0 0 0
1 2562649162540988701 16156395917618254430 4594190810974580624 2 1 0 0 0
7 1100330182786631170 4689642552239928529 838271371004873765 0 1 0 0 0
4 14707691952957198541 11804512764983511552 5928340151950617785 0 1 0 0 0
3 11895951822413405956 16230747370357137177 8257080949397277863 4 1 0 0 0
42 15616937551928569978 12978034236747418351 6034539721277325380 0 1 0 0 0
2 6561141467762333012 11316593220247222276 3369663594963639609 3 1 11316593220247222276 3369663594963639609 0
4 1807270509387474470 17080512947638805414 1089356146596949586 0 1 0 0 0
0 15272932485278900927 16076457792972587209 5546301763680991286 1 1 15272932485278900927 16076457792972587209 5546301763680991286
4294967295 6662408651372588652 6401873022686326585 8075680476829390942 0 1 0 0 0
4 2699723673914598360 5958525485122940124 9427725509898520269 0 1 0 0 0
4 16525781125114000498 11370953711428687362 14540461732680970179 0 1 0 0 0
1 520757445164766457 14691185939273477621 17707323485406081612 2 1 0 0 0
42 16003671898757347208 39662023088415189 3686508148005382977 0 1 0 0 0
2 2485495073665668131 5638787365030595371 3906110494727898335 3 1 5638787365030595371 3906110494727898335 0
42 16425082109464924251 10278649434929540889 3490801346949145354 0 1 0 0 0
3 7658434455395508756 6208014031297483093 1253450512194381720 4 1 0 0 0
2 12392801086920288206 12625533490995605681 2126008828961244114 3 1 12625533490995605681 2126008828961244114 0
1 14965504964368537743 7173598350534910344 1282670433926653451 2 1 0 0 0
0 6953427991488381681 18428567527376638139 5765969404755528668 1 1 6953427991488381681 18428567527376638139 5765969404755528668
3 18396600056019703670 7242965724779908457 6190636332961042436 4 1 0 0 0
1 3989756247407336797 9016734514731181790 15129569909579721080 2 1 0 0 0
0 2312907043690327579 17212901858370276137 2268714028483304737 1 1 2312907043690327579 17212901858370276137 2268714028483304737
2 2189329093996681985 14730213955516141555 5577639394869335454 3 1 14730213955516141555 5577639394869335454 0
42 6382781935379176586 12814137371668801319 16009110555946452294 0 1 0 0 0
0 15111782583987490266 11356048657782026791 9859065332278677873 1 1 15111782583987490266 11356048657782026791 9859065332278677873
42 16868207300061132128 14986502804672882640 12310398076603461305 0 1 0 0 0
4294967295 11483034190809746987 2107566624493881647 15146413883836248219 0 1 0 0 0
4 9761011690789735966 843666878692387201 4931228289816836808 0 1 0 0 0
42 9765120190512145831 3561040440126665011 15447266275760406364 0 1 0 0 0
4294967295 4422711961415880207 4602943986663481915 17765188597634488363 0 1 0 0 0
7 16459633922842286946 8314827830466884323 18157659010378308813 0 1 0 0 0
4294967295 11068096133215412643 1613887649361966244 1357236085526811381 0 1 0 0 0
3 6522215885807423337 33882939837467914 10113491553758296008 4 1 0 0 0
3 10964992437570319526 14177300839417177692 8571343582919525798 4 1 0 0 0
4 2605968666472324044 15986515378262197583 6259660278885109015 0 1 0 0 0
1 11307465502874623268 18432676709921531464 11128438333031747613 2 1 0 0 0
7 15764138338923199116 17996472131007211683 2467182536900648019 0 1 0 0 0
3 4378431308738893493 15130071391561303850 12944679632763181817 4 1 0 0 0
3 4064378605861168398 3318481288618829364 2557700488153449165 4 1 0 0 0
4 17524207304210101104 1004518697347280077 13207204291051633503 0 1 0 0 0
42 10177331667882803912 13701586713051855946 1218108832344556955 0 1 0 0 0
4294967295 12047184876961086239 10563422264189446582 9394427727230046683 0 1 0 0 0
3 5965442361738887641 12927754109023887559 15887775414478248542 4 1 0 0 0
4294967295 3985183485201855675 8668628772292900314 14837349013433400653 0 1 0 0 0
7 5316035065360219379 1279083329618982912 8735372880137159046 0 1 0 0 0
4294967295 16655844761886772535 11322344896726220071 15886410180291699773 0 1 0 0 0
4 15332477045179293061 11173580372500236026 2654567171911117610 0 1 0 0 0
4 16690571203498024909 7370304183897166732 393618036182824735 0 1 0 0 0
0 9032990341932753669 4500824288038757041 13112731251579389610 1 1 9032990341932753669 4500824288038757041 13112731251579389610
0 10879670306493221418 9187579011459700873 15665089417824967142 1 1 10879670306493221418 9187579011459700873 15665089417824967142
42 6436890881167939745 1734366654036167860 12537231065825220957 0 1 0 0 0
0 8013632754229440216 4088056107326431769 8126417375777496584 1 1 8013632754229440216 4088056107326431769 8126417375777496584
1 3819381477757632586 10395198149931085761 4719415052688308304 2 1 0 0 0
4294967295 5777393999892221672 4257214364244093274 7662928321322252069 0 1 0 0 0
42 12632608387136549754 10654875271446504033 4746091005759121313 0 1 0 0 0
3 7467085743446107833 16852173904190641576 16628464186455009525 4 1 0 0 0
1 11883776964339119291 206908532284440439 13140193176270101437 2 1 0 0 0
1 11099310206827544183 14233925543815431514 17085070176303131828 2 1 0 0 0
2 11808147341247076571 4197522422930673241 3507401035363597619 3 1 4197522422930673241 3507401035363597619 0
1 18309379683204842694 5424650235766009697 14745470133528620960 2 1 0 0 0
4 3902317802398233201 5969642236215498826 11487071092206772531 0 1 0 0 0
3 13736939753220813402 13677959990030468272 15838835727471825837 4 1 0 0 0
3 18414062409756369260 14184392885220301303 3568557593171829885 4 1 0 0 0
42 189877311408930812 2375120262247062315 8472023917126429772 0 1 0 0 0
3 16004413134836352635 12732325163276231670 7119016088400175278 4 1 0 0 0
42 15620442514865123452 2802582344322471668 8696613992998453171 0 1 0 0 0
4294967295 51678505185183379 9387790388277107409 1481235789653363590 0 1 0 0 0
42 7231977956061555503 3077878852980254313 17517607152290127749 0 1 0 0 0
0 8544159542403374854 12241969567690345696 5980078204601138180 1 1 8544159542403374854 12241969567690345696 5980078204601138180
2 12889644599434411338 5827479949914371139 3342933344678607784 3 1 5827479949914371139 3342933344678607784 0
1 10362531493961831871 12545362254042782170 3763254564714899287 2 1 0 0 0
0 5516310718158361910 1532799926374739722 8264019103497194626 1 1 5516310718158361910 1532799926374739722 8264019103497194626
4294967295 5114941366748099998 6830080441847873244 18239671911344966044 0 1 0 0 0
4 3483412326477574073 7320462112131461640 18318056741626361453 0 1 0 0 0
42 7572655191121074183 2498584947023945995 3370001676034503516 0 1 0 0 0
42 5722163364144122251 5666568517929920096 17357195352555873863 0 1 0 0 0
7 14914045621745343387 15560724651198925100 11546859281882546449 0 1 0 0 0
7 13768492777575692736 11655906185678830431 7443961080954184901 0 1 0 0 0
42 6981413339829022346 9923411010725808555 538978087902475691 0 1 0 0 0
2 11112257962170378491 7034014961661201365 16536440661844633957 3 1 7034014961661201365 16536440661844633957 0
4 969088218557123825 12647213967840412408 14195444301905939037 0 1 0 0 0
3 11104152830559990208 8964525374389503521 8885015415129368278 4 1 0 0 0
4294967295 6373897060213083526 15574594086351068917 1793246788228925804 0 1 0 0 0
1 16851760502918149515 7864306882843786730 3819812524391714326 2 1 0 0 0
3 18042225657792224477 8058392125487263458 13628817420567711632 4 1 0 0 0
2 6275842230908713239 14134019298036025830 4228896911442737449 3 1 14134019298036025830 4228896911442737449 0
4 18321756234848548431 429142847512316340 15103954297745993970 0 1 0 0 0
1 5733557602978637585 3423431164768506406 12830319383444695894 2 1 0 0 0
4294967295 13753537838330420587 15141598294089821683 792755908733151443 0 1 0 0 0
3 677499604698016902 11283345845407519844 10978018609954246743 4 1 0 0 0
0 14064895827959193349 14296203207587093546 285477021229332158 1 1 14064895827959193349 14296203207587093546 285477021229332158
4 445151365194598178 9486356075627287417 7799901756312452365 0 1 0 0 0
2 7950782773567987005 14122963798172848325 6868695234780806890 3 1 14122963798172848325 6868695234780806890 0
1 10158390207559301461 5322987016012558892 17412503242245534333 2 1 0 0 0
1 17186549168391799539 5710175179657144233 14015542759098064645 2 1 0 0 0
4294967295 17733595443688368387 9769169631592103232 8989793976137529257 0 1 0 0 0
4 1112247867156401483 13375355811990570152 6131772797024268920 0 1 0 0 0
2 10944601743840620425 18316692507741335311 54760040825971747 3 1 18316692507741335311 54760040825971747 0
1 15628337688573114373 9623766932349074589 2065452327328205181 2 1 0 0 0
4 2757284881341755412 3221720634553734254 2306592278620444660 0 1 0 0 0
1 6521393614229219568 16442042732507187235 13668390067957644262 2 1 0 0 0
3 17258250523960620372 6578371657574212365 4082873366380115417 4 1 0 0 0
1 18334506559575811846 8008724805739217516 877099300889772194 2 1 0 0 0
4294967295 13606393249099755252 5712779111097351494 4716077683776762466 0 1 0 0 0
3 591587349594984920 11577566391308163882 141165002937232483 4 1 0 0 0
4 4780313951534269534 17092782191930489634 8671765792336182721 0 1 0 0 0
42 4958244123587401659 15810439980003535198 5935083682084673546 0 1 0 0 0
2 4998793274708663364 16253703938852180165 17974403998970873656 3 1 16253703938852180165 17974403998970873656 0
3 16677258516781507079 11112619822969600516 15033065526469348437 4 1 0 0 0
0 6015929578478828926 7825542434057098670 14239531313528368514 1 1 6015929578478828926 7825542434057098670 14239531313528368514
2 2423199802229557811 7409489851841697789 13502386427684576023 3 1 7409489851841697789 13502386427684576023 0
7 14930300440560721344 12362253007580366055 10328410854568072499 0 1 0 0 0
1 17000918773950869061 3909322443761785932 3204290729828982614 2 1 0 0 0
2 18251152393201820887 11835563632257230344 3429352295572405213 3 1 11835563632257230344 3429352295572405213 0
4 1213950085727323401 8351968610692178702 14813503047324538314 0 1 0 0 0
2 6982839593139931518 9942110216634267750 9375937920944743492 3 1 9942110216634267750 9375937920944743492 0
3 10265660953715862966 13740285174984717284 1277184202317326917 4 1 0 0 0
3 6091059788018829955 1792297499199250252 5781961789574162812 4 1 0 0 0
7 13282996456290575158 17578167581534541463 985037191977373398 0 1 0 0 0
4 15029234546005951836 15603413512238416628 12097525513215185113 0 1 0 0 0
42 10763689034538414326 10559982926251779708 6070872676053614816 0 1 0 0 0
4 13883578550196377625 12896220282932114859 13065538014548372062 0 1 0 0 0
1 6025724095961253483 12343314764896876465 6050554639668977552 2 1 0 0 0
2 8301659293640652369 8361219956656104048 5830632811752458104 3 1 8361219956656104048 5830632811752458104 0
2 11057653583824680460 1385221825609857303 9369230066744119893 3 1 1385221825609857303 9369230066744119893 0
1 12486786149770530662 16562243407937006424 14554087966784339413 2 1 0 0 0
3 16953816120755715148 12920116904653963843 7340008617011835479 4 1 0 0 0
42 7036778148725352778 7907042056804708930 17676282142559775239 0 1 0 0 0
3 6551083083285261634 5408482843061229397 10269547512029900917 4 1 0 0 0
3 11567130426063553032 1998599162619543185 8562385201497390822 4 1 0 0 0
3 16642595954902616809 991567152449471252 7390635504643666273 4 1 0 0 0
4294967295 6447944482924901051 4266536603331507810 6853759747121598158 0 1 0 0 0
4294967295 13274697618227740161 6368093063521789068 14414742576695717806 0 1 0 0 0
1 384203287776175993 2249109350232541964 8120929550236501848 2 1 0 0 0
2 6809642283396648496 7150169734769564114 17197082661146543201 3 1 7150169734769564114 17197082661146543201 0
3 11577638875423710661 11330817595046613643 469284208497256780 4 1 0 0 0
4294967295 4260516882074747460 13898962177722638426 3979650438260492354 0 1 0 0 0
0 10261665560744078290 981726471099094493 2448253016013406056 1 1 10261665560744078290 981726471099094493 2448253016013406056
4294967295 7037345491960641113 3295710241886589613 9365587514179153891 0 1 0 0 0
42 17196129167652781427 3682852179875389131 8852528791391841899 0 1 0 0 0
4 13886625620050574990 17601829926614826357 1567758037108147767 0 1 0 0 0
2 2678733536645670022 17067150439401693113 1941539786547800205 3 1 17067150439401693113 1941539786547800205 0
42 8282855697780268784 18164797656717166020 2496324602602393686 0 1 0 0 0
7 7181906831606253978 15438655966378192933 5027857255479667583 0 1 0 0 0
7 2631822266458876195 7796780875221402235 6431411969158903816 0 1 0 0 0
7 5132555047013867064 2287118885672720183 10762535445160318933 0 1 0 0 0
42 16450001798838033679 7597624657803598258 8779984578999373191 0 1 0 0 0
4 18262532011401977256 16556155754290097905 3527586153732612068 0 1 0 0 0
2 341356069527430415 3608385057538273977 511913832120149945 3 1 3608385057538273977 511913832120149945 0
2 14558257359870722027 1450679312202156817 16038077227498130875 3 1 1450679312202156817 16038077227498130875 0
42 16365811803100483438 10363982157266233011 10909367159206720445 0 1 0 0 0
7 11814410670666385962 1417029549242562010 13660049632306479683 0 1 0 0 0
42 4553390470219839367 14909340100043024427 17507397283256033842 0 1 0 0 0
0 16255476277381314174 14157594767123364887 2331215838077024898 1 1 16255476277381314174 14157594767123364887 2331215838077024898
1 3540907735832528312 5437359992294572135 747184991655872755 2 1 0 0 0
0 14788312882694239360 4135085267667486268 2398847238048696910 1 1 14788312882694239360 4135085267667486268 2398847238048696910
1 3205327289659366007 8519664337978209620 212826796383813869 2 1 0 0 0
2 16201322449700520740 11050008607627740170 7809196668749826922 3 1 11050008607627740170 7809196668749826922 0
7 5624913719956248892 3692006269009668307 15081006242209912791 0 1 0 0 0
1 13838798891364757479 12366153191106229560 7737863924454207660 2 1 0 0 0
0 8481430106175611966 13453385562140901973 18077418917518340555 1 1 8481430106175611966 13453385562140901973 18077418917518340555
42 17929224078847904413 8076853104039747722 17831818911308154480 0 1 0 0 0
4 11491807585082426321 3161136779673781827 15320584246863546146 0 1 0 0 0
4 8884547916862674030 2205225461600598605 14509162835991450238 0 1 0 0 0
1 12258333524335679488 669236971668158716 15079893835339643206 2 1 0 0 0
1 13405196457497120342 4659603090948264686 14903641508587646639 2 1 0 0 0
42 2018587742408144609 13315577485198430400 11539502143061833189 0 1 0 0 0
1 15507359016490725616 1991126689024238809 3112579721284926562 2 1 0 0 0
2 16587076877090886046 11160232299394321578 10630136850147451724 3 1 11160232299394321578 10630136850147451724 0
7 13411398065008637478 2634844814628715958 7702314205977517243 0 1 0 0 0
4 7084421763563725336 14393578841908058872 7614686936139895111 0 1 0 0 0
3 15132498993545245898 4866412095372095345 15213111102174865036 4 1 0 0 0
4294967295 4447007340800887623 2840915281901304899 18283844376591429665 0 1 0 0 0
0 11458440672501335039 9920854728639515621 5421826334754707437 1 1 11458440672501335039 9920854728639515621 5421826334754707437
4294967295 2977152568452045152 7386273432348696862 7948883100612624549 0 1 0 0 0
4 17691781201520411148 9583417736923767085 4996996526176428529 0 1 0 0 0
42 11197184214726515151 14427041424929199577 8353901656791027332 0 1 0 0 0
3 8199657452440825959 5688041730612363941 17637215303816929450 4 1 0 0 0
7 11900761568883402989 7530208697496812038 17948363119192381650 0 1 0 0 0
42 3365719414796534657 703929552779766684 10874374432174613489 0 1 0 0 0
42 7041510072630497617 7986625018591173063 6911755719559145849 0 1 0 0 0
1 17840938525266566938 9736914905176571091 17126538785367044376 2 1 0 0 0
42 4844371911812593779 2711441035310675676 2431836691351512369 0 1 0 0 0
7 5194682056268778439 16073980347040974566 1283709302797145178 0 1 0 0 0
7 10867102702367458531 11708910103072873461 6726705882279854235 0 1 0 0 0
2 12303855831577859590 7576589283401358583 11530074611930455096 3 1 7576589283401358583 11530074611930455096 0
4294967295 12302595379262235876 14621429694544285446 14515895891925621316 0 1 0 0 0
1 4393370536042196820 2485168803452903604 8116947843552427259 2 1 0 0 0
1 10877705821346370050 12472500788624968507 2758459297881154555 2 1 0 0 0
2 14373220602480848119 9760275456193207062 5282619653649842647 3 1 9760275456193207062 5282619653649842647 0
0 12338859266896341335 4380642630365937512 10323930867221482667 1 1 12338859266896341335 4380642630365937512 10323930867221482667
7 5176941141135210723 9656729831186305693 2572169782870341660 0 1 0 0 0
2 15298307560586169066 7996959267415218416 15080787606326052096 3 1 7996959267415218416 15080787606326052096 0
7 12024792340744043821 5304319332751768828 3377712491869979058 0 1 0 0 0
42 9746392869927514760 14202777346221387313 10230064215961088129 0 1 0 0 0
42 8269014056819755992 13505492651822225788 12127472065739723173 0 1 0 0 0
1 826246167772315499 12678946158987750946 11263421046042067569 2 1 0 0 0
2 9366157102957226094 12222454339793347276 1443654707903588434 3 1 12222454339793347276 1443654707903588434 0
2 5156657194001140987 12794278656608982741 11440090650380197145 3 1 12794278656608982741 11440090650380197145 0
2 3341294923169744786 17085805796455569768 1125641390759284478 3 1 17085805796455569768 1125641390759284478 0
4 15078979423165504075 526975733792651729 9032395717919364975 0 1 0 0 0
1 7229212130065855240 10400145868297630332 15524135151205804370 2 1 0 0 0
1 17749306012876660772 434068979186436050 16135895851513470023 2 1 0 0 0
1 6983688769188314321 13007064370993333383 2905398687405949816 2 1 0 0 0
4 6189347365583945241 4169767751160129795 13003261237449682574 0 1 0 0 0
42 3004668925677241088 9366031550828835491 14392436904244409037 0 1 0 0 0
1 4953313310314585253 17941028446382358518 16995230759403684620 2 1 0 0 0
7 4898051396712735479 585071029608556451 2646757701685104079 0 1 0 0 0
3 16740380265249863529 9843844955183891430 8746737743077051305 4 1 0 0 0
4 17141755280196395703 5100639591592922993 13673123449513155979 0 1 0 0 0
0 12070285767839286069 13961043127747582829 146118444213306466 1 1 12070285767839286069 13961043127747582829 146118444213306466
2 9027486386424973388 6142746024894410692 15141797011167369518 3 1 6142746024894410692 15141797011167369518 0
3 157619019866422350 16230930672436406816 14051739872120106482 4 1 0 0 0
4294967295 17080443432754753483 4097832461307334412 8948651011384597275 0 1 0 0 0
0 17235199734902790955 15960620523308261579 1068936666833864975 1 1 17235199734902790955 15960620523308261579 1068936666833864975
4 11841595582223635775 13759217059056422129 11801984560956656488 0 1 0 0 0
4294967295 6342777744028066953 747178817466686815 12156378978402567234 0 1 0 0 0
1 4018005271206188305 2992340602972826046 7812988788678461289 2 1 0 0 0
0 10039873826912891873 8920278077102254756 14809050817685668328 1 1 10039873826912891873 8920278077102254756 14809050817685668328
7 12065016502393871581 12446505822405263043 5323149300727560038 0 1 0 0 0
42 459639692483948858 7379400584092134913 6852139138168406102 0 1 0 0 0
1 16804573480580428704 10170809903407532233 7712511004829529166 2 1 0 0 0
3 15506714064050214105 3578889623113289318 1086560557457639543 4 1 0 0 0
42 823426709052037711 15592428439633517851 11128447965418182187 0 1 0 0 0
2 3765133493128411359 14962204458389216646 5300536709992511608 3 1 14962204458389216646 5300536709992511608 0
7 1155959750761566499 18412145197427765088 13812263034929566918 0 1 0 0 0
1 5580005669885835311 16213916110060908254 12378661419743661659 2 1 0 0 0
3 1868741514447155678 6873017913890707474 2216055318189624124 4 1 0 0 0
4 5022004890266429166 17517971816567569793 12918210247942086664 0 1 0 0 0
4294967295 16588254277487252139 12066728738787103971 18134296509763719523 0 1 0 0 0
4294967295 1332154275880499046 2413877953736783358 9384165678387139884 0 1 0 0 0
7 4937756951001626200 17583095900756291729 6752106026631647499 0 1 0 0 0
7 13533051044328839001 4076469172363590740 5031214107004494168 0 1 0 0 0
0 9286688239817071200 15929204995669004899 13130896131479400742 1 1 9286688239817071200 15929204995669004899 13130896131479400742
7 16025586676688351313 2183341125062290707 1068051971936961489 0 1 0 0 0
3 1160384674039268105 544242251706517400 9193524734019283869 4 1 0 0 0
4 6921477986202399726 6184315922867177452 16845355977252663032 0 1 0 0 0
4294967295 1161515705229650639 3195062692884493917 7924590966145579071 0 1 0 0 0
0 10216478876359148007 7267044109612463255 16199257456156577169 1 1 10216478876359148007 7267044109612463255 16199257456156577169
7 10612397762786220213 3102620146199277549 7934679702196398751 0 1 0 0 0
42 6660881300729151141 11096559668236681862 6862973565029098917 0 1 0 0 0
2 4066437523972643825 3697624528827418584 17893727853532561901 3 1 3697624528827418584 17893727853532561901 0
7 8946026654455454055 16644462979102620526 12010044581194630464 0 1 0 0 0
4294967295 2233750111380922021 5780955444960875100 13536378718421595293 0 1 0 0 0
2 12529872380294459651 12910328084045336175 17095376955472758850 3 1 12910328084045336175 17095376955472758850 0
7 16900648605320152793 4215891033731816845 9153703230215501689 0 1 0 0 0
1 18305825223345744825 1253064850517459051 2452791738634009737 2 1 0 0 0
3 18148024039611060849 16126367343049755171 15842592662509202182 4 1 0 0 0
0 9254567676796608030 16196249694194334939 14327792435068412802 1 1 9254567676796608030 16196249694194334939 14327792435068412802
4294967295 12253336852468879781 9875715694456545408 15314148367821306613 0 1 0 0 0
1 1525878349151979947 11727311482594582051 7250604057093627226 2 1 0 0 0
42 10475078938335748068 14313780922378691369 9935643420155800447 0 1 0 0 0
7 13459220905966001009 7737309211787330329 8328123093843612124 0 1 0 0 0
4 18104252301907391353 13502600651834897278 3526017742100474654 0 1 0 0 0
4 8832289823500644020 13175149828852192775 5477411850436980885 0 1 0 0 0
2 5309039239340600071 6689941930706593175 14275548356901428435 3 1 6689941930706593175 14275548356901428435 0
4294967295 17787010307841171097 3210537581025346006 4075022679099805859 0 1 0 0 0
2 15883644574648920931 3931064602587168729 10823214142477293994 3 1 3931064602587168729 10823214142477293994 0
4 5991286998493015554 17121361176284882733 5022203222568869503 0 1 0 0 0
3 9919176940086610772 7615295643831103664 15173412387781221492 4 1 0 0 0
4 7062359798697385850 12898761084174331611 4238796604721289302 0 1 0 0 0
3 9312372631572245829 8212409060108017026 6981053415597373828 4 1 0 0 0
1 2283153620131011076 7628440079484455917 7792815562170360838 2 1 0 0 0
7 4194785525046899686 5961571106628846224 10062333740430442280 0 1 0 0 0
2 2300181308916768250 11375065204120026899 16559560251598228240 3 1 11375065204120026899 16559560251598228240 0
2 16542091460276713655 12142740760970256876 3231615391628744330 3 1 12142740760970256876 3231615391628744330 0
42 15582203071468899139 15161075260948438580 15671708649676394850 0 1 0 0 0
4294967295 3656669793240402106 10828207427585082381 7351176477901279992 0 1 0 0 0
0 4007037642694109016 17738630478229862369 10055108773367004228 1 1 4007037642694109016 17738630478229862369 10055108773367004228
1 4399442298188748017 10766065965763048227 18279997917934993804 2 1 0 0 0
2 10019624068669767172 7479625777267586530 2237767613377691704 3 1 7479625777267586530 2237767613377691704 0
4294967295 3438256620256128103 999332675515874481 15371098955713193242 0 1 0 0 0
0 7894764894155994972 8002246564472995379 12759686910469975309 1 1 7894764894155994972 8002246564472995379 12759686910469975309
3 15404588138515030868 7113319312207194229 1528204188383213910 4 1 0 0 0
1 1816377525424287054 9428958790000876278 13935985400106090825 2 1 0 0 0
4 9068621890504285314 14481771736843552925 8452235702522018289 0 1 0 0 0
1 1953926623016224170 4897907362414951097 2301637768488386436 2 1 0 0 0
7 7445979536698135762 12232817549427637783 3332373508344352419 0 1 0 0 0
0 2970361780187578227 9078676405893708362 8724934052680939938 1 1 2970361780187578227 9078676405893708362 8724934052680939938
1 8178738905200115623 6127699074779127299 5047701722363266334 2 1 0 0 0
0 13246211217393745111 2254433196134566026 10657509604382816979 1 1 13246211217393745111 2254433196134566026 10657509604382816979
4 11343474863494642304 1233810382789506906 1237100304072150725 0 1 0 0 0
2 13020652427139703866 2634883023799381371 17813184452193675289 3 1 2634883023799381371 17813184452193675289 0
7 17955599817603602881 5836078966346580327 14523568087006355078 0 1 0 0 0
2 13488680747242624894 4154077415037186653 10396257568219623876 3 1 4154077415037186653 10396257568219623876 0
3 12826911368945740239 14543964556552597224 13581058245155474699 4 1 0 0 0
7 14142065604454337771 10150358598602981567 11094965589223955954 0 1 0 0 0
1 8570481975206754606 15619871980173090585 10802251914251035743 2 1 0 0 0
42 4942024804303833999 6098709731348246670 15128599088405916714 0 1 0 0 0
42 9924821941083040216 2984507559325585028 14145919098798893005 0 1 0 0 0
4294967295 7423463182640033188 2770722933441145273 13350850300982151589 0 1 0 0 0
7 12804275413759203305 5331640685405811 815411738279076052 0 1 0 0 0
7 4754985116164813115 12192289038045614804 13384927649062294963 0 1 0 0 0
4 3065365850526911381 9968240265247567695 3590477720350203155 0 1 0 0 0
42 10017350153026603725 6949657099344946747 4383971692670070690 0 1 0 0 0
7 13014415573761164444 3920943570261808940 10244628756215843953 0 1 0 0 0
4294967295 10784688873217403273 16506185742092679344 13088387611327933525 0 1 0 0 0
4 13043680407395135907 10470822040057533530 11288538631797369444 0 1 0 0 0
0 2137240863858686181 9831236869155352712 11141104580494386749 1 1 2137240863858686181 9831236869155352712 11141104580494386749
42 3864782888714763024 3343885079424219839 5883560147761842888 0 1 0 0 0
0 14606545235290989180 1486690774629490236 7419927396960949542 1 1 14606545235290989180 1486690774629490236 7419927396960949542
3 5709090268193544787 13690909540586325182 4734458189428951864 4 1 0 0 0
4 7204633896078864394 9493087250975643955 8256572987841780129 0 1 0 0 0
1 4653449580565027728 442559974656318795 9932460025782416636 2 1 0 0 0
1 4299842179768020848 997403489470544015 2855867980585360870 2 1 0 0 0
7 14436325316631522700 3074111291290360969 17102506141963001371 0 1 0 0 0
4294967295 17885601423627735313 12041339890187632818 1060333930666850203 0 1 0 0 0
1 5520699739738901382 9850327105938421339 11217417778134241586 2 1 0 0 0
4 5583032345709271587 13052448077304427484 3782735940953534402 0 1 0 0 0
3 13370326892692002808 11966928604497369026 4452153623416736570 4 1 0 0 0
1 11167340603527261504 3551432794494886996 8120773172693579942 2 1 0 0 0
4294967295 9374358995477700602 3797651278380495135 874302208956636563 0 1 0 0 0
4294967295 3305660708461746156 11613338148114756034 17448834746444413201 0 1 0 0 0
2 3618570096997339504 4799559442775644096 17941102317249566520 3 1 4799559442775644096 17941102317249566520 0
1 943114193331018349 15111102513672131969 10702344322921043573 2 1 0 0 0
0 6169867446324918147 18003150493150135681 11993502878712362735 1 1 6169867446324918147 18003150493150135681 11993502878712362735
3 17447209933663545533 3321911410647760288 5211894703904782927 4 1 0 0 0
2 7738403915247051173 14772507751289919174 3774874569799725830 3 1 14772507751289919174 3774874569799725830 0
42 3943162457742947943 15868696421246336021 17669832415575473674 0 1 0 0 0
4 5469898505578538584 14082310421539106075 15367225354520079155 0 1 0 0 0
7 3858242045177876539 18210490101513295570 16561361473153671757 0 1 0 0 0
7 6687524511547516036 17380566143109095677 2909599398348015372 0 1 0 0 0
42 16731792817245995307 8343448996042704956 16892796960778541233 0 1 0 0 0
0 11008127963673197170 14973322361591048014 10035685015029625803 1 1 11008127963673197170 14973322361591048014 10035685015029625803
2 17915744596351709766 7732373419018347515 10158941074432360734 3 1 7732373419018347515 10158941074432360734 0
7 2292621527896979194 14519150854614143314 10345357455126020167 0 1 0 0 0
7 2851914214089700339 1244957507480616962 11759952084039846337 0 1 0 0 0
1 12797613695809143580 13866799409000043258 6368343547037934018 2 1 0 0 0
7 9613171214350207880 3457215143123279127 7935942133041839694 0 1 0 0 0
7 4557967765569929957 3169525003559055287 11049947802291308167 0 1 0 0 0
3 8875139121537792019 12740751079275899593 10336106100436856273 4 1 0 0 0
3 13880657828294858012 12158182968702240831 17663710907928651597 4 1 0 0 0
0 12474896061678399075 10561674027466004211 15386174730398989222 1 1 12474896061678399075 10561674027466004211 15386174730398989222
1 2378393114415898618 16825177622331258534 5653928178843586671 2 1 0 0 0
0 13906367835937467625 7466235238321227440 11296111120837868841 1 1 13906367835937467625 7466235238321227440 11296111120837868841
0 1437358185111431162 8032435955079306122 2587213447551496044 1 1 1437358185111431162 8032435955079306122 2587213447551496044
4294967295 18380952413956605133 4105375393439006328 10258067552355844518 0 1 0 0 0
1 16240535161553159038 16511732938535969191 16604120001215300398 2 1 0 0 0
0 18139505026064276086 17563408834905769965 13699001242749170681 1 1 18139505026064276086 17563408834905769965 13699001242749170681
2 372093097094414067 16789428213590357603 10559136218900843144 3 1 16789428213590357603 10559136218900843144 0
3 2518959408709775286 17162275949804182263 10634037259950500341 4 1 0 0 0
4294967295 12592521887517309185 15179961639730365711 17785093457896028869 0 1 0 0 0
7 17931541801668768072 15240438283465587589 2437422140696396345 0 1 0 0 0
0 9487368109801560630 9571718693899679711 12333045389682116206 1 1 9487368109801560630 9571718693899679711 12333045389682116206
1 16649607018168853839 6824029567718015853 18273684910716409790 2 1 0 0 0
1 13102314842053380857 2248676376076119412 5999973008763556817 2 1 0 0 0
4 11824675029067647157 15549785030528507176 9266781932993032588 0 1 0 0 0
4294967295 16299270580513417830 1844178463753432645 15128061412762464497 0 1 0 0 0
3 1483466577799192389 18224041554583471226 9915634988784123122 4 1 0 0 0
4 7425010946830225827 17343487479252362052 4337139970974688783 0 1 0 0 0
0 17752338606245532595 5075390528443869455 17278799507630722841 1 1 17752338606245532595 5075390528443869455 17278799507630722841
42 11686760197444446103 17622215290856813063 10562881094031969490 0 1 0 0 0
4 3247371976908031931 3778512943648435699 1394991249853907544 0 1 0 0 0
0 4834004124155747613 2129527041274359679 6279550262550191846 1 1 4834004124155747613 2129527041274359679 6279550262550191846
4294967295 1094578878462563821 15572830178646456642 5338433611390367458 0 1 0 0 0
7 6661845256810584685 1487173707615192084 6454113965490275013 0 1 0 0 0
4 459655653598685910 8722402820549476581 5097714315159473927 0 1 0 0 0
42 4461717746758385200 7479361276467570014 12151527036570530275 0 1 0 0 0
1 13715665325977318124 16990334300738247745 1154846736224465409 2 1 0 0 0
42 14314985255010130153 15187149000005382773 438186848094021357 0 1 0 0 0
0 4319211259949845680 10613931596853590236 8492625047262413909 1 1 4319211259949845680 10613931596853590236 8492625047262413909
7 9779526893475963435 4106765703230513779 3576546653381815005 0 1 0 0 0
3 10099678241120063033 10785977094540158211 10910834111619874310 4 1 0 0 0
4 14134101182054916072 1228807477686067601 4247254876694681212 0 1 0 0 0
3 5055443960141168157 229413650692020315 3034041151498411803 4 1 0 0 0
0 4461589178881637580 5223650354885186978 6193034866265744080 1 1 4461589178881637580 5223650354885186978 6193034866265744080
42 15770859174518504551 12630725440145233580 14817945840061204783 0 1 0 0 0
1 10638408698754714935 1577992218130624128 733626794651498459 2 1 0 0 0
1 2510861664191246306 4079440926232955097 4020167018486793714 2 1 0 0 0
2 2232129205826564800 12809859891273067980 1027644311478437769 3 1 12809859891273067980 1027644311478437769 0
4294967295 7084299475027954792 17728364895851517234 10817248369651420384 0 1 0 0 0
1 14011705168104976036 2541927847095857787 224142874760975888 2 1 0 0 0
0 16848950894394839821 16962286167512173518 7826468162784285454 1 1 16848950894394839821 16962286167512173518 7826468162784285454
1 16700116476803077114 3165785589746500149 10241901570057168777 2 1 0 0 0
0 2616563465935183787 10030105066069726095 11209739530932211784 1 1 2616563465935183787 10030105066069726095 11209739530932211784
0 1875645963586895235 12491518753163000140 3179215879020866718 1 1 1875645963586895235 12491518753163000140 3179215879020866718
4294967295 9324042957659602724 8511084378864461597 9157425108747768143 0 1 0 0 0
0 13312311323278683165 16263412221134451808 3156990568108196137 1 1 13312311323278683165 16263412221134451808 3156990568108196137
4294967295 2969810140276478315 14617440241916801907 17532196770687854372 0 1 0 0 0
4294967295 157167672026970837 7017353621423617912 4916367477211480077 0 1 0 0 0
4294967295 12892847752235213056 16401712696722279544 1450846239539057354 0 1 0 0 0
4294967295 9809605450221872399 1534158741401478611 6245983533432840169 0 1 0 0 0
42 6740280506429126712 10897169086261461712 6922733154995032121 0 1 0 0 0
0 18132357196480352276 14165976719030303128 11634612498037378305 1 1 18132357196480352276 14165976719030303128 11634612498037378305
0 2231019774175800894 4882629881642665240 5563805579323655821 1 1 2231019774175800894 4882629881642665240 5563805579323655821
4 11349674788421623539 5717179330053124119 3546315287571139769 0 1 0 0 0
42 3601801064937496401 1238491038232155434 15929423691888176286 0 1 0 0 0
2 16544192076266216220 12783664482881647868 10404461751715785784 3 1 12783664482881647868 10404461751715785784 0
2 13451476264667416248 8169491948212394649 13389148039418754427 3 1 8169491948212394649 13389148039418754427 0
3 15248876641509667702 7448396666542475612 16159865785479222253 4 1 0 0 0
4294967295 10549967544825970767 15765994968163166434 6011062552864461861 0 1 0 0 0
42 6140027643772407178 7118467431373110116 9740054508476832637 0 1 0 0 0
0 85815993238486051 1470722311518947586 2931623935766390438 1 1 85815993238486051 1470722311518947586 2931623935766390438
3 3818415991816728520 13906610809256007956 1131073932563077951 4 1 0 0 0
1 11396531345070529350 6787500272426679846 847479409069673278 2 1 0 0 0
2 1465197081774129846 4195904575511979967 4903000624306988192 3 1 4195904575511979967 4903000624306988192 0
4 6882375499134336183 12783638494824204664 13557908720875827856 0 1 0 0 0
1 17476207886127835296 9487005949238199797 15956197393410595697 2 1 0 0 0
2 9534554676621428095 17840649532651516708 8472588945498826289 3 1 17840649532651516708 8472588945498826289 0
3 5404361889731407873 16583722292770331982 29116532841008471 4 1 0 0 0
3 11931392823299059488 6832667296756413155 1051345302223776294 4 1 0 0 0
4 11056685553314594181 3564638619911442261 2626442709737488591 0 1 0 0 0
42 7817113677750106323 7167043300076581712 9273721942052600812 0 1 0 0 0
3 9557699392532807304 4177379322370644429 399643268288343341 4 1 0 0 0
4294967295 10620844234795505228 16477257432357832872 11328097317496204659 0 1 0 0 0
3 18129068064943441458 11376755513166182192 197556031166536920 4 1 0 0 0
4294967295 9732071338450520049 3729468009801171404 14334469844683810562 0 1 0 0 0
3 1872145041087900354 16943726218255032887 15838214400645799429 4 1 0 0 0
3 6612213455530693865 5668806186386320306 17063323464735162589 4 1 0 0 0
2 7593797103065934213 6679603220600809950 6190522988912401945 3 1 6679603220600809950 6190522988912401945 0
0 8675856234376079257 4942804122060004800 9748927504706453036 1 1 8675856234376079257 4942804122060004800 9748927504706453036
3 4225291376705918110 1740948242166291257 10098345159434048406 4 1 0 0 0
42 9462265106702486674 786787379419949109 12283900265205199386 0 1 0 0 0
3 11998108130568601011 3293074260340152614 12478325438177414141 4 1 0 0 0
0 14618791375573506328 9593161335205380101 5344727488393048094 1 1 14618791375573506328 9593161335205380101 5344727488393048094
4 16346540954374345276 13746087769768244752 14494181690263404566 0 1 0 0 0
3 16556689212134501272 16695914567251402872 5952442929563833365 4 1 0 0 0
42 14603837116472183965 12996690023660746916 6360927744882302729 0 1 0 0 0
4 7577896377625133444 8142088835974803704 11184357825573661641 0 1 0 0 0
4 4463580666396155175 1516733852220335073 17784316225032033689 0 1 0 0 0
4 14997904954708229506 6018126290695251436 12637391426210474023 0 1 0 0 0
42 7303590370332530065 13764103674199571110 7374826149052470528 0 1 0 0 0
3 16964038877411069090 15393059121138732351 14421403822142700594 4 1 0 0 0
42 10443426068993641304 4619560345643506885 8825762188970076301 0 1 0 0 0
4294967295 13778976231393125340 13218586503763397723 1966180034041491048 0 1 0 0 0
7 10830017216385316618 13251230441263366545 3712568266253915117 0 1 0 0 0
2 18117066846052698986 3548124562675389903 15717147433638952560 3 1 3548124562675389903 15717147433638952560 0
4 6486618329037338699 3446816295620084294 8414266087496962281 0 1 0 0 0
1 9845032524036383553 16823706548705741577 15370660872510397305 2 1 0 0 0
2 11771632084175844609 1609839638323161383 12014096855317293865 3 1 1609839638323161383 12014096855317293865 0
4 9606403763985841052 1279374392276771827 14249766800085467791 0 1 0 0 0
4 13482395978102051579 1429820466860087945 3095737097176644777 0 1 0 0 0
42 9533722526688468322 8467573076543163389 10500436154013814841 0 1 0 0 0
4294967295 13210405556551236405 8038166869840113324 1054339552328483520 0 1 0 0 0
42 3731586976552674403 12415436568883842662 3734492378249118511 0 1 0 0 0
0 9341515456885844629 17246115091831675669 16895788139445797169 1 1 9341515456885844629 17246115091831675669 16895788139445797169
42 7384192517098934203 12379061197904606550 2533233444938768778 0 1 0 0 0
4 15800669798187384175 15335258297935486866 1713664688995410508 0 1 0 0 0
3 17552866466428183176 15801189111062447214 1912855627875687615 4 1 0 0 0
0 10373853861418157340 1794441695876251999 14391111773767697797 1 1 10373853861418157340 1794441695876251999 14391111773767697797
1 15006213942619520408 7078611046097421191 2779374920855415755 2 1 0 0 0
3 2338160037950360812 10840687466180638600 1052930362010381555 4 1 0 0 0
4 9125424124649727404 15528128580574902822 15555419063164748090 0 1 0 0 0
3 15088667155405946761 1783891405175797331 3397783143569196710 4 1 0 0 0
42 462163912285847736 756658927209224089 17118808572709443882 0 1 0 0 0
7 16363392803492345187 2471892770722976212 5696001077727789125 0 1 0 0 0
4294967295 18439191549369237538 17267419701473063538 10594291019105796319 0 1 0 0 0
1 7983863273194628480 3417812609669939838 10015471810090896689 2 1 0 0 0
7 6505702667771072589 12009003030963786820 766350315363942743 0 1 0 0 0
4294967295 15927524662149206435 16902572829906769396 14742843456450854030 0 1 0 0 0
2 12914452695379129117 14892643154318569086 9121198400625203132 3 1 14892643154318569086 9121198400625203132 0
4 7489358564578638461 8252577024406141947 8641399881995344788 0 1 0 0 0
0 3451289748880300560 12928178230859508590 5181377598982371854 1 1 3451289748880300560 12928178230859508590 5181377598982371854
0 10237906588832047381 12951518972481916873 14650153650600486294 1 1 10237906588832047381 12951518972481916873 14650153650600486294
4294967295 18203926726635392466 18035556416554903676 2601620397432126083 0 1 0 0 0
7 7705451319587067044 10913893879228147877 14758524658857963871 0 1 0 0 0
2 7487564106887224265 8759672735558135981 16469288956737164221 3 1 8759672735558135981 16469288956737164221 0
4 552174732789290312 9490282999181978143 212520874308206545 0 1 0 0 0
1 995057014210199461 7114511036663196899 11329875254536730810 2 1 0 0 0
2 5359470409494426034 1247218221027283578 5118453442359702152 3 1 1247218221027283578 5118453442359702152 0
4 15416872456555425435 12736796786763726622 554503737361904125 0 1 0 0 0
2 8509298268825587284 16216651881282629055 6612821402727626844 3 1 16216651881282629055 6612821402727626844 0
1 17501796294031183625 2318647454444235269 6754204593869321108 2 1 0 0 0
7 6725468710018174205 7544630091873763803 14932914914704894839 0 1 0 0 0
3 6001912141169527567 18392236644318015743 5167510508242058775 4 1 0 0 0
1 2377891382295157627 2330341925606207579 5301343215084532318 2 1 0 0 0
7 12960826273829281934 1627677360210238687 1942188194092741792 0 1 0 0 0
1 6055270216122444547 883554052067763618 5054304930876638854 2 1 0 0 0
4 13360757810537279805 2079933155128890586 8360075419112774435 0 1 0 0 0
42 4567753002622357139 9590559152943032615 13791187390695191903 0 1 0 0 0
4 6117726923964192086 3358342824009555602 3902795255783199379 0 1 0 0 0
4 11615520160703337210 7062124724056054161 7122778466420347033 0 1 0 0 0
2 12286249043145638173 14075268570607936314 15507179356009373689 3 1 14075268570607936314 15507179356009373689 0
42 6283331092016584654 6265987696839825838 7432477740552077052 0 1 0 0 0
4294967295 12344717518786401541 12738914155084883269 13834339775994802334 0 1 0 0 0
4 11878702026244302771 141689876419090292 11612813134402073732 0 1 0 0 0
42 13653129940972776178 16297072487317120478 9404861725671158346 0 1 0 0 0
42 3928479908777491393 15178149272580227662 14814268951324070386 0 1 0 0 0
4294967295 15406780043502328752 6915421269055660532 5128554167292814752 0 1 0 0 0
4294967295 14802912841518189440 8423022071094653072 5566553013007121850 0 1 0 0 0
3 17869334340687799342 8712362984723589827 5056854830722600133 4 1 0 0 0
1 5822634205687088236 14076161526542707393 15532004622244511839 2 1 0 0 0
4294967295 12780801777184608929 11812022672959986715 9087516394876829687 0 1 0 0 0
4 2464777313700206789 4407701346012014078 7309198655251693112 0 1 0 0 0
0 731152326673889582 16438348384564628328 17492507400560227188 1 1 731152326673889582 16438348384564628328 17492507400560227188
42 2863212594625375292 11264617860106933554 6576037713982432399 0 1 0 0 0
4 6279693020737035973 1415580923116383835 12242678360199258861 0 1 0 0 0
4294967295 8661651801698961735 375474648887828745 18437720958812540386 0 1 0 0 0
1 5111188467787405676 8840006178464311029 14371838920896463205 2 1 0 0 0
2 4401379785686852680 1049002120902464830 17732403367037755101 3 1 1049002120902464830 17732403367037755101 0
0 832860128413148079 6007655800560975939 7915813936115943718 1 1 832860128413148079 6007655800560975939 7915813936115943718
3 14426242929122941702 14010022219678844133 16926039210599824522 4 1 0 0 0
4 392847207781094078 9272258316858184331 8955442597520773165 0 1 0 0 0
7 5604322236713191826 566677566462401623 13001915367041061681 0 1 0 0 0
4 14859641330867587626 3307288568675768580 14782073145164004948 0 1 0 0 0
42 5594752697149890783 15548958776877464344 5997439853421382441 0 1 0 0 0
3 15381946155527061665 246581841827627976 10307000611708626615 4 1 0 0 0
42 5533563455504518852 8438634764446783818 13391194664759974679 0 1 0 0 0
4294967295 1325730667271330774 9615845027504893005 6066233641008697502 0 1 0 0 0
4 3856609725221682827 5229875724380745865 18404212723593875734 0 1 0 0 0
7 1616080909814758809 6096941364721108151 12693247983291596902 0 1 0 0 0
0 10369099451205303265 11379232556358259623 17065564815500104337 1 1 10369099451205303265 11379232556358259623 17065564815500104337
1 7636201071527756955 16310109293931013118 379751962131879222 2 1 0 0 0
3 4506937447255576762 12128456519581370686 11745198434226001228 4 1 0 0 0
0 7463706498606430272 1627905322253939267 18058150319249889218 1 1 7463706498606430272 1627905322253939267 18058150319249889218
7 12307321149354887348 8368954074241610048 6604165432037111584 0 1 0 0 0
0 18033148966291613539 3655229706841900221 2196762191095580717 1 1 18033148966291613539 3655229706841900221 2196762191095580717
42 3135339443086100686 16438110257184205037 16478909094121332606 0 1 0 0 0
4 1441829637020863686 11489881643323123417 14912100514750494865 0 1 0 0 0
3 5140232617826043934 18196204918878705809 5614609277204061378 4 1 0 0 0
4 7609633430856224918 12935175063689230557 14437587747670028330 0 1 0 0 0
1 4544787156984505057 10986972992371327496 12295532193939049608 2 1 0 0 0
4294967295 12870322313277344194 13428469213180826688 236109807925535764 0 1 0 0 0
2 7770177309920954220 13957383296661209012 6545405935468635619 3 1 13957383296661209012 6545405935468635619 0
4 13077130542271202740 11897179421250662322 10384137881620350955 0 1 0 0 0
7 4659941505916571282 10669130403198889832 16167520553193204595 0 1 0 0 0
1 13554586106190665179 1656983488488023828 16893740882822876715 2 1 0 0 0
7 14636487704538070993 12449558502327500961 12348774686302389837 0 1 0 0 0
0 4178494249560679794 14846164133454615170 600834211845404274 1 1 4178494249560679794 14846164133454615170 600834211845404274
4294967295 11010094660305807466 13097470604528938714 4998264777332960176 0 1 0 0 0
1 16923258879454349702 6637480299547468093 14596615736659679249 2 1 0 0 0
3 9521011261775282796 5942965245445789017 3081125853532318061 4 1 0 0 0
42 16854208927441299123 6511063862492284586 11608418630997578568 0 1 0 0 0
2 10190818058370904263 7333576314490237535 17784743835885886382 3 1 7333576314490237535 17784743835885886382 0
4294967295 15261591213029436629 10920774808662551736 6029097053358173552 0 1 0 0 0
1 112544990393604836 13855967760823146048 16568163241226218604 2 1 0 0 0
3 10641009271219372793 16550662749226495730 1464130252033270202 4 1 0 0 0
1 7474585973893558340 8952659034483067154 6120229511625343078 2 1 0 0 0
7 224588457662840427 9829333211052775354 1308779992284525942 0 1 0 0 0
4 12033558889250876206 750957801089206771 11032957764660593499 0 1 0 0 0
7 11850211289448596533 12727629954279988102 4190681971984719515 0 1 0 0 0
4 8489451369704821188 18204741388157421763 9031101512100247790 0 1 0 0 0
1 16304395358437730747 10278819074590806177 8452045426403630085 2 1 0 0 0
42 6717681458139619652 12947788294880118841 949299507063155679 0 1 0 0 0
2 4227437757848649448 9558973491390897178 7060811260250598953 3 1 9558973491390897178 7060811260250598953 0
7 17361092245501673350 16402856609442200027 16518231119542714177 0 1 0 0 0
2 13913112365913799113 51605740826761870 6627864752662300794 3 1 51605740826761870 6627864752662300794 0
2 12033919277765296532 3658355524481886923 8030260156134212271 3 1 3658355524481886923 8030260156134212271 0
3 4754853951592121634 1806510258465469536 3997672389942671092 4 1 0 0 0
0 16072015870192156141 5257901723199979897 18157609040663279404 1 1 16072015870192156141 5257901723199979897 18157609040663279404
2 11182788846787636924 12956712193453599115 13706590651382222436 3 1 12956712193453599115 13706590651382222436 0
3 7798845186765953349 12288964935460572283 15589528917256316842 4 1 0 0 0
0 10590447532214334091 13828286917930568907 135440415725393433 1 1 10590447532214334091 13828286917930568907 135440415725393433
3 7173761039203741004 13248012664132865879 1221199713653317041 4 1 0 0 0
4 1622868073937281529 2204971432911763114 10421424276084778249 0 1 0 0 0
4 11486666974883546754 2601789677263424617 1924441987931328715 0 1 0 0 0
4294967295 17318793336538267802 8041436212656408320 18075611828567711848 0 1 0 0 0
2 5503194631484122274 11391299372841574834 1806672107698033117 3 1 11391299372841574834 1806672107698033117 0
1 17425110275090444484 3151913538352387623 6204628507793999326 2 1 0 0 0
3 16604302821696493458 278576706940786327 16305976832193588536 4 1 0 0 0
2 5350137615313805623 10848109820817599887 3795452368736257312 3 1 10848109820817599887 3795452368736257312 0
0 9117255318389057676 11239031760758194948 5266396068510209456 1 1 9117255318389057676 11239031760758194948 5266396068510209456
4294967295 10787089923043353768 1435335424539473864 7671772153762112113 0 1 0 0 0
4294967295 6037711479746485347 13579202852667804512 7642730597147750849 0 1 0 0 0
0 12464604841989985248 9975478154779237332 4278062598695252168 1 1 12464604841989985248 9975478154779237332 4278062598695252168
0 17279388958591638799 4186376631093945312 3159073478517136629 1 1 17279388958591638799 4186376631093945312 3159073478517136629
1 12720784928485922110 10446079068319154438 909671214829397769 2 1 0 0 0
0 2696640103564347635 10708430482180220961 7290642965914057909 1 1 2696640103564347635 10708430482180220961 7290642965914057909
3 11936323128352106873 13151299773905340617 15048875049834721486 4 1 0 0 0
1 14970035887828279989 12199879960283854914 12774356833904417665 2 1 0 0 0
0 11777858509145511008 2485771064918409945 4253958437186212027 1 1 11777858509145511008 2485771064918409945 4253958437186212027
0 749533548975766457 7449032659865248429 14186686681094615436 1 1 749533548975766457 7449032659865248429 14186686681094615436
4294967295 1811358559735993139 7944039492482582293 2738218009617167105 0 1 0 0 0
4 7454893580247565254 3478119724980385139 14819846479195829471 0 1 0 0 0
0 2179997897843441271 12756795504247635879 18181454468586975002 1 1 2179997897843441271 12756795504247635879 18181454468586975002
4294967295 7281335794005975742 14997947897733539064 11480538151886187782 0 1 0 0 0
4294967295 16809834795603961761 4013802325549536966 15479270663658055572 0 1 0 0 0
42 2217495596991959812 3338866007413378200 1088237850072722809 0 1 0 0 0
2 8394692784564959002 18278495564159189199 4935418121828352297 3 1 18278495564159189199 4935418121828352297 0
7 1963919516335187501 8761026114618834620 11630305509572475826 0 1 0 0 0
3 10401021456664715999 7469980421464503930 11803699623320078543 4 1 0 0 0
2 1106003097005386378 13356365776407174050 3643067087316945068 3 1 13356365776407174050 3643067087316945068 0
4 17629676249032308737 7200781723579628305 5810537160950514330 0 1 0 0 0
4294967295 16675463125622010300 11209661879274062657 13410272443885106701 0 1 0 0 0
7 1780617063949192350 8737740908897238373 13525144726615143172 0 1 0 0 0
3 10604863547238454113 8159252482677844087 18232718338869812873 4 1 0 0 0
1 4130734983298164539 2331997290615727880 18082307665003473111 2 1 0 0 0
4294967295 18324113901571895413 1804630426410966470 2451722384741599827 0 1 0 0 0
42 4453874897482187586 3654072101148671952 4743441473066850813 0 1 0 0 0
3 13155690200743042977 11508278510426434540 15235036493323805329 4 1 0 0 0
42 15032665232712411028 8477235865672360367 8775485424287132836 0 1 0 0 0
4294967295 11560098042267126518 1958170842974075581 12194963078046591049 0 1 0 0 0
4 5472341194158882298 16253398330368697186 10998857415623024955 0 1 0 0 0
4294967295 4557862861481491934 11009100742228996166 5717885676004519875 0 1 0 0 0
2 12597343991012988254 8249257450684974214 3071887439814437987 3 1 8249257450684974214 3071887439814437987 0
4 11107784879180872961 7546245910419090175 3659020306250223676 0 1 0 0 0
1 16002077115490258836 5392496239928493144 751335429642894075 2 1 0 0 0
2 6697721920498285988 9099322565316104770 14192951593761063765 3 1 9099322565316104770 14192951593761063765 0
42 9067660161927578567 9235693991229711451 12113096132003921214 0 1 0 0 0
4294967295 2704369868338074307 614131936122400942 2315538441871922465 0 1 0 0 0
42 11394078717272378192 12431976151442872301 1146402436653734046 0 1 0 0 0
4294967295 1947810983308725787 10081486786766996098 114001412423789391 0 1 0 0 0
0 12368598307788613642 11943052910102278036 16592353728452712342 1 1 12368598307788613642 11943052910102278036 16592353728452712342
0 6848762799832539252 6524185798459154441 4091003167721434419 1 1 6848762799832539252 6524185798459154441 4091003167721434419
4 2105924098985197116 6705750380426516963 2951348664416859699 0 1 0 0 0
3 187342657648158114 3190872276699603773 406085873641014382 4 1 0 0 0
1 1180640760282890122 15488458341021883208 283593030692439248 2 1 0 0 0
4294967295 17476078003514721804 6776137211167637461 7990584157606383035 0 1 0 0 0
42 18325362563257890517 11609360646437315860 15729751994448293170 0 1 0 0 0
4 14056983374626237218 12735407678306306604 9284580701702675290 0 1 0 0 0
4 10989059811789551310 5681932922270954879 15778807928932620957 0 1 0 0 0
42 109122839291241198 14088655351594487087 14934957266321746561 0 1 0 0 0
2 7485834352010408114 9131537426723771996 16028459812839382599 3 1 9131537426723771996 16028459812839382599 0
42 3280379493174030568 3312490190932039053 6735506736614626500 0 1 0 0 0
4294967295 2056735609807824273 4326631830435818807 5511538192995601201 0 1 0 0 0
1 2215106476622422648 13793166416592100967 9743149406295651132 2 1 0 0 0
2 14453908670751345297 13278229860656914253 13487876290234263689 3 1 13278229860656914253 13487876290234263689 0
2 16365159536840406893 888026710095325845 5238097743348832130 3 1 888026710095325845 5238097743348832130 0
4294967295 7779701008339396393 15019627015801664084 15117767102983126492 0 1 0 0 0
1 1625284601826020216 4415295113914860943 5585281043252109584 2 1 0 0 0
4294967295 4974693470542599058 15720050863047012657 9919468641602469845 0 1 0 0 0
3 8980237732409659511 10937704056586343493 5196750901637267335 4 1 0 0 0
7 16271892105890858515 17342374563193290224 421458523902940789 0 1 0 0 0
1 7640566266147175818 5494547702191679105 8454370264022798524 2 1 0 0 0
7 12457925622474032522 9863998782826754498 11913290894265484076 0 1 0 0 0
1 17089858074409430271 1513690134289283998 17110339954945586625 2 1 0 0 0
3 35998935785123755 3780366261093435362 8424588693642076779 4 1 0 0 0
4294967295 1104497708214472496 6217074599344026525 6139393605686211075 0 1 0 0 0
2 11895334083054474606 610825370365303766 4765442889101837984 3 1 610825370365303766 4765442889101837984 0
4 6751422907842814749 18044979314635910895 4286165783047655091 0 1 0 0 0
42 2748412942253869230 16474939754340442948 12227556168436120056 0 1 0 0 0
4294967295 2617677266994179473 17539209374982988035 1656886442930039441 0 1 0 0 0
42 9415590093070856292 4026426237294376225 14667828097342075869 0 1 0 0 0
4 910786825781304950 17930278763962838583 16092652889418520092 0 1 0 0 0
4294967295 8151509468726766011 7177278374892555313 2843873491786758776 0 1 0 0 0
42 3056947503264346772 10165484435119347905 11308131718204655420 0 1 0 0 0
4 10554822690471295016 12555367218971008239 9834066993231830344 0 1 0 0 0
4 10477822835931358155 7749836078969539577 14108428869073359445 0 1 0 0 0
4294967295 95629743911519304 3473293651237839353 8016425193118023763 0 1 0 0 0
4 1816083326327901264 10244476425116416075 7722293067566934807 0 1 0 0 0
3 8860087294364425275 10270140227805176834 3163647536856957508 4 1 0 0 0
3 1215509569014667455 9681625067141052635 7782349174803095790 4 1 0 0 0
1 16253056366062848314 7112700596954056793 7547451276096449697 2 1 0 0 0
7 3364035499058744142 5346788354621543283 11867473792669046795 0 1 0 0 0
2 14649015255121741162 272623866926422328 14956399913521125995 3 1 272623866926422328 14956399913521125995 0
4 18168958535926221688 17031370790991914588 8627269120458910785 0 1 0 0 0
0 7090701246603209701 12015888296246865897 17158973423194909322 1 1 7090701246603209701 12015888296246865897 17158973423194909322
0 29855497323408474 12769435771985884264 14331242694153540619 1 1 29855497323408474 12769435771985884264 14331242694153540619
2 7276408561186989617 7887690698855777126 3399866288806308229 3 1 7887690698855777126 3399866288806308229 0
4294967295 10206919822999607243 2791362148275888878 16999308320160653265 0 1 0 0 0
2 4841634889067034833 16952505436200532654 12865201447882792284 3 1 16952505436200532654 12865201447882792284 0
42 9051984644353416669 8007932169631260832 4496871452388283627 0 1 0 0 0
2 14730174360625825097 844109755796934632 12803542555483528601 3 1 844109755796934632 12803542555483528601 0
7 16676480048560069417 1574631607793923203 2399946971567622161 0 1 0 0 0
4 3766572169676764086 2252184221527692718 11502381752292124807 0 1 0 0 0
4 12421198251366229858 14849334173172890387 9575284716271582760 0 1 0 0 0
0 1731632632381459364 4740321805965592699 16875546970407131393 1 1 1731632632381459364 4740321805965592699 16875546970407131393
2 7079279070183352043 8645433163664865629 15315143674515994194 3 1 8645433163664865629 15315143674515994194 0
2 13431688989152615268 6513303961921328730 2787738298950361372 3 1 6513303961921328730 2787738298950361372 0
3 1674634667353203588 3759686323630077638 12886601444968894981 4 1 0 0 0
4294967295 1254182854331976574 2681782587504564283 4767136391408885086 0 1 0 0 0
1 15719603509037316722 16105077163462045265 16388150415466016780 2 1 0 0 0
2 13882779824313404420 13020033891512885887 1214981241213926502 3 1 13020033891512885887 1214981241213926502 0
1 14936506339080385605 17505875776802172696 9202493757024286915 2 1 0 0 0
4294967295 13849752181778368147 9079335323349630665 3256660325475977462 0 1 0 0 0
4294967295 15947409904219569260 15511798653711280742 14354805511649598242 0 1 0 0 0
0 1970834606120049489 1759244000619660605 18300766367783775405 1 1 1970834606120049489 1759244000619660605 18300766367783775405
7 11126919506018689351 4713184381825440181 18002980294206446667 0 1 0 0 0
4 10414600329540687111 13167124436343419113 10012463156768267584 0 1 0 0 0
4294967295 2840646956539519594 3175811123339803373 16241214033363873907 0 1 0 0 0
4294967295 16604158364251166948 13813513632071773549 3457418172009131627 0 1 0 0 0
3 9412569184679068766 10729969934519484828 10184310262341417682 4 1 0 0 0
3 16704579528855590615 14448919555739678785 1219064409061171726 4 1 0 0 0
4294967295 3091002835407682468 2647355958803967989 6176874364356362672 0 1 0 0 0
2 15962589503374970002 4262388077314853072 12828662920448384599 3 1 4262388077314853072 12828662920448384599 0
42 4064835468625072767 4709184349446423928 17507818792316806770 0 1 0 0 0
3 17075442423513707162 14692610515156512214 9842758849476859605 4 1 0 0 0
4294967295 402266409010902036 14902139484723774995 3521103584995716466 0 1 0 0 0
7 5818021098364475320 15536260448443967611 14042909806789406704 0 1 0 0 0
0 210248774583341556 10234390099554590345 2727268489121405816 1 1 210248774583341556 10234390099554590345 2727268489121405816
7 6295212930545507556 11929027206603972960 7146649936964612692 0 1 0 0 0
4294967295 4031155888188091558 3952520433545279363 12018040905442011389 0 1 0 0 0
2 1165700773765266285 1544313581098984990 207216699031354721 3 1 1544313581098984990 207216699031354721 0
4294967295 13224364790663105182 8237656305572463580 3057439229444415986 0 1 0 0 0
1 4146641130116430543 6156364525430457931 12107433988707138788 2 1 0 0 0
3 4060138601924009926 6121411026832772752 16367472243178007508 4 1 0 0 0
42 4821927447115827274 17286707112669112295 5076931753260392440 0 1 0 0 0
4294967295 5307607241585801270 15992324768103466118 1688357180231401850 0 1 0 0 0
2 4012229698356218187 5533197035676544847 13714068524097204765 3 1 5533197035676544847 13714068524097204765 0
7 4025298912426790063 15422968918577308753 625025111850071113 0 1 0 0 0
7 2778654164591688180 14746429949513015893 5914068443400833287 0 1 0 0 0
4294967295 12938001649267991781 10139134671336577926 4072716007487648076 0 1 0 0 0
4 18157776863039541456 11163990909595541663 14874307760413897525 0 1 0 0 0
0 1185573053270646833 9338468078817018504 15061418241051411624 1 1 1185573053270646833 9338468078817018504 15061418241051411624
7 9946713761626963418 10760589480472630774 10892509183893913765 0 1 0 0 0
2 12097293254252947926 18295906048854176123 16070405025013333517 3 1 18295906048854176123 16070405025013333517 0
0 2063580807180418287 5260896623200067280 6803282990557029525 1 1 2063580807180418287 5260896623200067280 6803282990557029525
4 4211980234635069504 13978645127688499013 10979729042424569385 0 1 0 0 0
2 9159079082741521726 9977593097160191273 4436479782045677207 3 1 9977593097160191273 4436479782045677207 0
4 14565696982007910794 11646183508949939185 5294885576958522010 0 1 0 0 0
2 4979677772579981692 7203879734546732631 5674005714253987226 3 1 7203879734546732631 5674005714253987226 0
4 17315831852391449232 2430808268400371640 10461519632584805263 0 1 0 0 0
4 2961081314701287476 2583291158828401261 3394073951288694203 0 1 0 0 0
1 6882686196058304535 11527657508372184591 11457387638832240406 2 1 0 0 0
1 7888563643925552989 15090468215154143712 5546961566771586201 2 1 0 0 0
4294967295 629211996429908688 6517544627994082962 9691363232466417485 0 1 0 0 0
1 6828177756300098293 2906759586600480226 555870023362147240 2 1 0 0 0
3 5898602810329310318 12636012918819124654 15402828105731733142 4 1 0 0 0
4294967295 13291071577608905230 7012867908165423570 16218999948359418563 0 1 0 0 0
4294967295 3226441217783649524 9898125029106856719 15032562553428115879 0 1 0 0 0
2 8857015010424085541 7355165932713262844 5387244150600721563 3 1 7355165932713262844 5387244150600721563 0
42 14565098079839914835 8354300339616782134 17401394936779346653 0 1 0 0 0
42 6741201586047369583 1687053428576609982 14926139342779836297 0 1 0 0 0
2 252038282540835623 5956813522015222476 11511367128049683021 3 1 5956813522015222476 11511367128049683021 0
0 5141072542204663117 14439111642944757118 1150256958666807801 1 1 5141072542204663117 14439111642944757118 1150256958666807801
4294967295 4957046180497192411 16407523937353802427 17388032243902472837 0 1 0 0 0
2 15198442028036322745 7615584946185574346 17762295021498757361 3 1 7615584946185574346 17762295021498757361 0
4294967295 4887525981280231783 10176067632895379306 16688512509738635842 0 1 0 0 0
0 2372029093691885512 4333696853013552545 8367907447710654402 1 1 2372029093691885512 4333696853013552545 8367907447710654402
0 3532392813270252090 11954459662778207373 12344583106541142913 1 1 3532392813270252090 11954459662778207373 12344583106541142913
42 11574987294647723158 5257397221841738464 7269651329394805837 0 1 0 0 0
3 2489040453553728340 3515691271381785288 13858425415924568587 4 1 0 0 0
2 1278634730176627478 13935656214225949368 5788809459021866093 3 1 13935656214225949368 5788809459021866093 0
3 9981362411743381783 5866793519274772362 12914504814340743353 4 1 0 0 0
3 7304143780027477156 9991009975546769923 9637062997042057943 4 1 0 0 0
2 4617900091436488936 2219968790031605808 13514765294897763442 3 1 2219968790031605808 13514765294897763442 0
7 188129251459157771 5931459244594547679 5371975952054245018 0 1 0 0 0
7 424702768862516007 1677657861956046604 9594216705805274610 0 1 0 0 0
7 15719032157392776259 2936541795405302935 5799257836848911326 0 1 0 0 0
4 11749060503236409755 1112243376386924038 15397198114691337081 0 1 0 0 0
1 9478384200233873092 12066715746489405918 12505224834149274838 2 1 0 0 0
7 11860103737172829044 17289894297107338591 4843158688995661991 0 1 0 0 0
42 11285043672118393488 14696743074439741934 5134874062472414650 0 1 0 0 0
1 15446033114139436098 13566620593321728242 1337412075638803881 2 1 0 0 0
42 14253130122384855058 3993926307821738598 1048735733018864342 0 1 0 0 0
0 16301976062737557599 7558443235479391634 2306030054895013466 1 1 16301976062737557599 7558443235479391634 2306030054895013466
1 7441187174630430967 3344499815409199264 13609730763312623282 2 1 0 0 0
3 8972911162927190647 8443900596259132377 5878150171012478581 4 1 0 0 0
4294967295 11875440152406606868 8540461438040552189 9985997388653212764 0 1 0 0 0
42 2976398113420950529 878810070921289081 11076144014199554939 0 1 0 0 0
4 16107446919361172025 10743095375649554084 13423105256481664568 0 1 0 0 0
3 15998373308251243958 8344313640791877483 6876347442386663896 4 1 0 0 0
0 16334758723321564587 9917456962295890322 11078393570547307286 1 1 16334758723321564587 9917456962295890322 11078393570547307286
3 9618405339450198016 11661567825835350498 5981053483506941435 4 1 0 0 0
7 15226308446138999426 620401103042858688 9883619748968015020 0 1 0 0 0
1 16428815774942699905 9320520497629205927 9442529416272428948 2 1 0 0 0
1 2516636166137296440 9039745755396857634 8686639523334239707 2 1 0 0 0
2 11727892947030848127 2040362351777342490 10751144824863879543 3 1 2040362351777342490 10751144824863879543 0
0 7498482085786879395 16934910434110710958 10994716174403825096 1 1 7498482085786879395 16934910434110710958 10994716174403825096
3 1214900520006106447 4119097367901517590 1644057667680272393 4 1 0 0 0
4 16231937925728803337 8621092273451344854 10097065102814523471 0 1 0 0 0
3 1887910183033587741 904857555212304963 5942370858322796695 4 1 0 0 0
0 11009532635154634380 17977090437897829330 11805814917920753189 1 1 11009532635154634380 17977090437897829330 11805814917920753189
3 12622921488703003921 8615681234786527086 157929192648982537 4 1 0 0 0
7 7607988180538846992 111687568600770356 12428576458775529692 0 1 0 0 0
2 7305507799731049271 88179912153926036 14399594017070143969 3 1 88179912153926036 14399594017070143969 0
1 17202384563629393603 4540172333580451789 4633063201174575266 2 1 0 0 0
0 423241014369355204 15811875605339069396 4835417675939036089 1 1 423241014369355204 15811875605339069396 4835417675939036089
4 3139040956680281521 10748367543708849983 3022626443615225087 0 1 0 0 0
42 9111395037684672823 14235728989279042253 357614138071896773 0 1 0 0 0
0 10155715474153941258 12473460737108860916 14564411536077287856 1 1 10155715474153941258 12473460737108860916 14564411536077287856
7 6839913834320954137 3975170638780438578 8800026333065767464 0 1 0 0 0
2 650414786307314142 11614075365282852666 524145370073382846 3 1 11614075365282852666 524145370073382846 0
1 9987899160427190089 2840792991189826977 16125020284932007744 2 1 0 0 0
1 16938289328515799885 17795663883261428853 4743674125344850023 2 1 0 0 0
42 17586329597156985647 18258762981087593601 9079801461646949755 0 1 0 0 0
7 9244339576589424545 3203218748837246724 4107944016866646169 0 1 0 0 0
1 1044304295179853862 6821735480739223328 12813583646199972125 2 1 0 0 0
4294967295 9536947843551615980 872222299344892473 9101041250493771822 0 1 0 0 0
0 9468418749699035740 4648424773967539693 5830878896983212156 1 1 9468418749699035740 4648424773967539693 5830878896983212156
4294967295 18198401102047787038 16303383493426002098 4392989999538149277 0 1 0 0 0
4294967295 4402077294887423651 5890324006380452113 2422801834886282360 0 1 0 0 0
1 12654578986391181700 6015434938227621497 17794541930835456528 2 1 0 0 0
42 9257990886059799624 7785491224380967583 11119586377911490891 0 1 0 0 0
1 4838222741958621522 17037686311485940725 224651116865537433 2 1 0 0 0
7 17035650004818117552 11264370612146443520 7266216517335378032 0 1 0 0 0
0 2629462429969679643 7518721505303824586 9316342498120434347 1 1 2629462429969679643 7518721505303824586 9316342498120434347
7 4756033253149755438 6599661126122411409 3936146800631269671 0 1 0 0 0
4294967295 2602076416275028942 17710999827842046850 4063471198361011958 0 1 0 0 0
42 3217684687637013747 3968414769492915223 14465179519087170573 0 1 0 0 0
4294967295 14220540595621963810 11696390462559451013 4301053371240369401 0 1 0 0 0
42 14090762382699123306 142502190149872328 7180321815612112743 0 1 0 0 0
4 11891153992253500409 15498456855743638410 11537582268629461057 0 1 0 0 0
1 5990466477816020719 10618403798602767432 18426434994089341200 2 1 0 0 0
1 17897748415913834542 14175848159237207333 17776787767169756360 2 1 0 0 0
3 1883835853320379070 15466408019150698178 15592559414906336198 4 1 0 0 0
4 4364689811387808313 15509015509860628026 2006844911084010189 0 1 0 0 0
42 9661426600657638262 4175552698522376747 7885286178045879795 0 1 0 0 0
1 2727712901546443272 8997650932017541719 6706037603142944839 2 1 0 0 0
4 3430632934396316825 4873398578603486986 7175861384324464022 0 1 0 0 0
2 11969951229634209987 6234200478773457285 8571659630204934670 3 1 6234200478773457285 8571659630204934670 0
2 865388118691396197 11771626644981519047 18430342121173439567 3 1 11771626644981519047 18430342121173439567 0
3 13847318375407608037 15133530504181557297 15833189583919231565 4 1 0 0 0
0 13473336251088755538 8377824059226335892 14961023796449518068 1 1 13473336251088755538 8377824059226335892 14961023796449518068
3 13314624048529797930 13316761748575443384 4121268093889540094 4 1 0 0 0
1 17330529211906491365 4994103415805851400 4443334246873162681 2 1 0 0 0
42 1801040375366532025 13293582984518781925 1469102627907483955 0 1 0 0 0
4294967295 7736070907129888147 14946533704971030333 7730194042500017482 0 1 0 0 0
4 9936169092927237951 17927247857724552000 14431714103965061429 0 1 0 0 0
4294967295 16498190353028043930 4593483971051100705 2703708135028403519 0 1 0 0 0
4 15639936759712938470 177118569399451442 16876838133022692393 0 1 0 0 0
1 14599395919638865637 15102081949006894236 17704676106048998660 2 1 0 0 0
0 6936822175923941464 7383354486236220329 15209306534059866697 1 1 6936822175923941464 7383354486236220329 15209306534059866697
42 15133898348997944940 6882336636985785283 2409697255742543308 0 1 0 0 0
42 5608197704770652793 3733769646407164708 12075268444688962852 0 1 0 0 0
4294967295 10895027606838777462 7185127618224597272 744209043091556981 0 1 0 0 0
7 5554929484678635423 11611793036279866282 3772126483020822362 0 1 0 0 0
0 17736296211795631568 13851218038907257548 10764002345139528092 1 1 17736296211795631568 13851218038907257548 10764002345139528092
4294967295 3280751914132185379 6685664577824627007 16237726222896749572 0 1 0 0 0
42 5359493978538615188 11904118449712850821 1309843387642676622 0 1 0 0 0
4 4993102250368228014 16492935682831017630 5290747430971843282 0 1 0 0 0
3 924242905397160478 16946611203189444610 11301749934347290960 4 1 0 0 0
4 14651854064496443454 15784353591196675495 3214690993277877741 0 1 0 0 0
7 16187564910664299124 4434081179626147386 4656680287872872250 0 1 0 0 0
4 13807722856572951551 1997403539555829227 3550120057042859458 0 1 0 0 0
0 11914071019252865854 4299661706529715015 16248760759080239313 1 1 11914071019252865854 4299661706529715015 16248760759080239313
0 9152786134924067309 16261733339291023347 4679975522130968774 1 1 9152786134924067309 16261733339291023347 4679975522130968774
4 8151614898695976067 12893137314235429181 14260296677792334918 0 1 0 0 0
4294967295 14974514089842121750 18226622082426371034 8235139553646352161 0 1 0 0 0
7 1760755291853781209 7003316498408710327 13848145284876509401 0 1 0 0 0
1 2510031261602642786 11241675061228597153 8261314468442581868 2 1 0 0 0
42 2542485112579299804 7508411544807361460 14315624355573345112 0 1 0 0 0
1 18208029706413487351 1197166519593262372 7521209456238897531 2 1 0 0 0
42 8552902884597268898 2116935737871601810 2236532067662249805 0 1 0 0 0
3 6419512334812382175 1538640030500552800 17258707137319639785 4 1 0 0 0
4 1208246617202571148 1441828706974956532 15845671631726810243 0 1 0 0 0
1 3345870771660928322 4341793384810683281 13033016899199180975 2 1 0 0 0
7 8195296996820658332 1395219962958929584 3241640254168901158 0 1 0 0 0
7 9638023875151254389 14059250213617196627 15909145886784043867 0 1 0 0 0
4 13318900320657698655 4837773011945137677 10481419867945817517 0 1 0 0 0
4294967295 1365357383859467450 4732749477292834943 16248985302542376683 0 1 0 0 0
3 14896184550593818647 16854192435376177994 6713235576732597032 4 1 0 0 0
2 838760151009165046 14270849396685640998 5601579311958539554 3 1 14270849396685640998 5601579311958539554 0
4 12869493482660031544 1172358256043817086 12111271239445452857 0 1 0 0 0
4 14782293876092268421 11026799190231022619 12991275732089843179 0 1 0 0 0
7 12498808615498473073 1583807902100940676 8871800815881071222 0 1 0 0 0
4 7181644617678918619 3523513632275775383 13136607031641828009 0 1 0 0 0
4 17657512814657862114 5914750487954392135 14484252655250009330 0 1 0 0 0
0 8999402389638966185 16214155092559358705 231005582895946161 1 1 8999402389638966185 16214155092559358705 231005582895946161
4 15390498873227138107 8402124671830944071 12591519501420576454 0 1 0 0 0
1 3432453108568328457 4457354267575695532 13179715393744851092 2 1 0 0 0
2 7865834945098176729 11161730203998888848 9291276240388233405 3 1 11161730203998888848 9291276240388233405 0
7 7709724738049030286 11202437920513779601 3285685384559570666 0 1 0 0 0
0 3121599112381061470 16802929650110130041 10099924268678385819 1 1 3121599112381061470 16802929650110130041 10099924268678385819
4 16946174333923525905 7858572076167815995 3174974220143820966 0 1 0 0 0
2 14935011889913057185 8696586636150016962 4913138918277714094 3 1 8696586636150016962 4913138918277714094 0
1 2578541304239151533 4139289620679912518 2041237765717275280 2 1 0 0 0
42 7891208600144810089 3943661347311760848 2993479960355885744 0 1 0 0 0
3 2577692129740157534 6823014831413964970 58630657274167391 4 1 0 0 0
7 15293279165957292468 3195995017088939277 2555606733497964348 0 1 0 0 0
4 2738711215464667115 17041420664755113056 9314258104227758821 0 1 0 0 0
0 4493365539219695052 1579036222455758554 13515517916820580228 1 1 4493365539219695052 1579036222455758554 13515517916820580228
7 2304939003868596835 7784217649207839702 1116981080820541180 0 1 0 0 0
42 14941852555636040698 1604783965642966772 3362754463970791981 0 1 0 0 0
4 6131437772270139860 4220024596634628889 15629069870224855034 0 1 0 0 0
4294967295 14651642722140626665 5752130442806048238 14844064156055485397 0 1 0 0 0
42 11475133019941797101 3004626064377386651 18339868770135647499 0 1 0 0 0
2 9720971105001399677 6370082740200155859 5248251586397683137 3 1 6370082740200155859 5248251586397683137 0
3 11399754259592755496 1747252767297666520 4679034770646012935 4 1 0 0 0
2 123848281662996350 18025189148251629321 11283676765001085140 3 1 18025189148251629321 11283676765001085140 0
42 12861963016504849327 2708812292052934399 7551221707669065769 0 1 0 0 0
3 9689992545480252322 6583808171494632605 3061313594801376345 4 1 0 0 0
4 4999106047235282822 16716926941785674068 7392965965076923446 0 1 0 0 0
2 8524113580594297491 5674490558720171801 10833916010332696213 3 1 5674490558720171801 10833916010332696213 0
3 28593259719117078 9253001332293285311 2527846881105446800 4 1 0 0 0
4294967295 15526410207232469155 17015868037717095297 7360296547683953583 0 1 0 0 0
1 5081299641515847674 11863156011794202629 1150964392070258424 2 1 0 0 0
0 6078240384626653749 2177489007956282737 15043145718475774815 1 1 6078240384626653749 2177489007956282737 15043145718475774815
0 12744559061359738549 13514629620394746156 14149282096122481812 1 1 12744559061359738549 13514629620394746156 14149282096122481812
42 9799512943978215685 11012503779521687061 5523656990183803296 0 1 0 0 0
2 12009119507567377033 15684025595639880244 15104267311362763124 3 1 15684025595639880244 15104267311362763124 0
7 133822987523481820 8652063085539302080 2822492153229343751 0 1 0 0 0
0 17590226521769071280 4450308219770177860 4772915335292462032 1 1 17590226521769071280 4450308219770177860 4772915335292462032
42 2954986597786487931 17021162848045202231 3619097704202357773 0 1 0 0 0
7 14971679411211714418 12292540549159386398 10458062882118808521 0 1 0 0 0
42 1007938417709105658 12382556964619508878 12786758439829183193 0 1 0 0 0
4 6635228920165914263 9812765178329295185 1228164481305995068 0 1 0 0 0
1 5780870622810245146 1628316063543713503 18090831035652988213 2 1 0 0 0
4294967295 9341131616035532702 4131991767223299508 15458596417249769596 0 1 0 0 0
3 2403983635246086126 15413165933164770805 2245290850285006617 4 1 0 0 0
3 15933468479082798373 15029214104204307854 16649056866443450858 4 1 0 0 0
0 17474523402880956203 10147409382839189306 7318942927505504201 1 1 17474523402880956203 10147409382839189306 7318942927505504201
2 14487968570367444401 16082446305002438171 10630495392524563115 3 1 16082446305002438171 10630495392524563115 0
42 14895487948028375216 17745195189761933297 8409459536388984282 0 1 0 0 0
3 1791786692542148058 16923601940872491412 16849285432018117196 4 1 0 0 0
3 17012114635259226884 2532187446956625837 12391643732376184502 4 1 0 0 0
42 12313090834004784403 2159051216891157835 16219209696348507370 0 1 0 0 0
7 9640496507481966598 1701728213002104457 13521355343344052921 0 1 0 0 0
4294967295 8007603473610414103 212047258774162866 16091968841057945669 0 1 0 0 0
1 16075026979827535072 10484669262404726845 15742778306740888273 2 1 0 0 0
1 3441795057818896288 17161149144402290301 7382843385869143850 2 1 0 0 0
2 12901049471765273379 16480616446050972712 1329364398906417342 3 1 16480616446050972712 1329364398906417342 0
42 7571943189588218509 16293447062382514647 10470838415141408151 0 1 0 0 0
7 1929451779906600173 209223213506411829 8425259097323351997 0 1 0 0 0
1 11457355408435998584 4017008183653658366 11822131561628635737 2 1 0 0 0
7 14178324143819344397 9172602347107760054 11641531174863934461 0 1 0 0 0
