0 67 1 134 160 194 24 52 193 0 0 57 4 1124173472 3256366273 0 0 4
0 66 252 47 117 67 3 183 126 1 1 95 1 1123823477 1124317054 1 0 1
0 66 195 92 194 194 210 68 123 2 1 44 8 1120099522 3268559995 1 204 9
1 63 116 222 150 195 32 36 176 1 2 38 3 1064623766 3273663664 1 1 4
0 66 215 198 187 66 46 139 76 1 2 229 0 1121437371 1110346572 1 204 1
0 194 87 182 213 66 179 109 192 2 1 115 2 3260528341 1119055296 1 204 3
0 193 190 148 246 67 16 253 53 2 0 35 3 3250492662 1125186869 0 204 4
1 66 157 155 174 194 162 193 203 2 0 115 4294967295 1117625262 3265446347 0 1 0
0 65 183 84 80 194 164 60 87 0 0 149 7 1102533712 3265543255 0 0 7
0 194 20 153 151 194 102 141 54 2 1 244 2 3256129943 3261500726 1 0 2
0 195 20 240 119 66 212 56 121 0 1 7 10 3272929399 1121204345 1 204 11
1 194 241 49 7 194 135 248 175 0 2 221 9 3270586631 3263690927 0 1 10
0 66 23 38 137 66 177 54 77 1 2 129 9 1108813449 1118910029 1 0 9
0 193 36 35 82 67 38 13 86 0 1 152 8 3240371026 1126567254 1 204 9
0 195 19 111 134 195 10 156 81 2 0 157 3 3272830854 3272252497 0 204 4
1 194 156 250 117 66 108 209 226 2 0 249 4294967295 3265067637 1114427874 0 1 0
0 195 10 188 122 194 185 192 70 1 2 222 4 3272260730 3266953286 1 204 5
0 194 3 197 109 190 226 246 141 0 1 27 7 3255027053 3202545293 1 0 7
0 63 66 233 54 66 14 127 57 2 2 173 1 1061349686 1108246329 0 204 2
1 65 149 247 171 195 51 203 182 1 1 249 1 1100347307 3274951606 1 1 2
0 195 46 22 1 195 5 64 104 1 1 131 8 3274577409 3271901288 1 204 9
0 194 231 161 173 66 245 140 203 2 1 136 6 3269960109 1123388619 1 0 6
0 193 250 113 211 193 187 167 134 2 0 170 7 3254415827 3250300806 0 0 7
1 194 186 140 220 194 109 104 38 0 0 161 4294967295 3267005660 3261949990 0 1 0
0 66 176 29 92 66 246 99 206 0 1 209 8 1118838108 1123443662 1 204 9
0 66 152 70 242 66 146 34 70 0 0 78 2 1117275890 1116873286 0 0 2
0 66 56 59 244 194 153 31 218 2 0 224 5 1110981620 3264815066 0 204 6
1 67 13 76 57 66 182 168 3 2 2 223 10 1124944953 1119266819 0 1 11
0 193 219 56 234 66 143 141 233 1 1 6 2 3252369642 1116704233 1 204 3
0 67 4 27 207 195 0 28 85 1 1 140 1 1124342735 3271564373 1 204 2
0 67 35 215 128 195 16 219 146 2 0 76 4 1126422400 3272661906 0 204 5
1 66 45 173 83 193 183 167 185 2 0 114 4294967295 1110289747 3250038713 0 1 0
0 66 130 97 212 66 180 82 224 1 1 244 1 1115840980 1119113952 1 204 2
0 193 231 57 219 193 76 161 77 2 1 186 5 3253156315 3243024717 1 0 5
0 192 141 205 103 194 176 36 92 0 0 116 6 3230518631 3266323548 0 204 7
1 194 232 46 94 66 180 23 103 2 0 172 10 3269996126 1119098727 0 1 11
0 195 51 208 6 194 50 222 231 1 1 134 6 3274952710 3258113767 1 204 7
0 67 35 224 125 67 6 61 37 0 1 112 5 1126424701 1124482341 1 204 6
0 193 19 109 12 66 56 30 30 2 0 5 10 3239275788 1110973982 0 0 10
1 66 153 78 248 65 248 236 108 1 2 181 4294967295 1117343480 1106832492 1 1 0
0 195 34 214 162 195 23 49 228 1 1 18 7 3273840290 3273077220 1 204 8
0 193 154 24 179 67 47 155 174 2 1 228 3 3248101555 1127193518 1 0 3
0 66 171 125 22 64 13 64 215 0 2 232 1 1118534934 1074610391 0 204 2
1 194 56 205 198 195 9 132 65 0 0 30 0 3258502598 3272180801 0 1 1
0 191 142 31 209 67 37 109 48 1 2 102 6 3213762513 1126526256 1 204 7
0 66 147 1 10 195 9 23 250 0 1 249 9 1116930314 3272153082 1 204 10
0 194 198 161 85 193 218 215 5 2 0 252 0 3267797333 3252344581 0 204 1
1 66 172 197 190 193 153 18 240 0 1 188 4294967295 1118619070 3248034544 1 1 0
1 66 230 226 139 65 5 108 90 2 2 165 7 1122427531 1090874458 0 1 8
0 66 122 140 149 64 233 108 10 2 2 128 6 1115327637 1089039370 0 0 6
0 195 14 136 135 66 219 241 189 0 1 190 6 3272509575 1121710525 1 204 7
1 66 153 19 205 195 33 56 175 0 2 30 9 1117328333 3273734319 0 1 10
0 67 16 156 221 67 38 252 113 1 2 95 0 1125162205 1126628465 1 204 1
0 65 227 107 167 195 50 137 122 1 1 24 6 1105423271 3274869114 1 204 7
0 63 8 179 22 66 182 216 61 2 0 46 0 1057534742 1119279165 0 204 1
1 65 77 49 33 67 42 69 225 0 1 163 4294967295 1095577889 1126843873 1 1 0
0 194 231 66 154 193 36 128 242 0 1 221 10 3269935770 3240394994 1 0 10
0 192 159 25 202 195 13 38 254 0 2 56 0 3231652298 3272419070 0 0 0
0 65 178 161 9 194 152 81 210 2 0 29 1 1102225673 3264762322 0 204 2
1 66 95 153 79 67 4 88 51 0 1 77 9 1113561423 1124358195 1 1 10
0 66 237 208 120 194 124 77 96 1 2 101 10 1122881656 3262926176 1 0 10
0 194 143 170 71 66 239 40 174 0 1 75 8 3264195143 1122969774 1 204 9
0 193 28 93 140 195 51 138 115 2 0 105 5 3239861644 3274934899 0 204 6
1 66 156 50 192 195 3 138 192 1 2 92 4294967295 1117532864 3271789248 1 1 0
0 194 161 232 141 66 255 31 147 2 2 207 7 3265390733 1124016019 0 0 7
0 195 29 218 20 193 181 165 243 1 1 222 8 3273513492 3249907187 1 0 8
0 67 32 215 217 66 177 81 209 1 2 44 5 1126225881 1118917073 1 204 6
1 66 212 163 81 195 26 231 60 2 0 12 9 1121231697 3273320252 0 1 10
0 194 139 114 216 65 99 40 245 1 2 178 9 3263918808 1097017589 1 204 10
0 66 29 109 16 67 44 17 12 1 1 177 9 1109224720 1126961420 1 204 10
0 194 172 74 219 194 237 123 13 2 0 50 10 3266071259 3270343437 0 204 11
1 67 31 69 255 193 81 205 16 2 1 55 4294967295 1126123007 3243363600 1 1 0
0 194 137 39 110 66 191 7 145 2 2 138 0 3263768430 1119815569 0 204 1
0 195 22 193 76 194 161 162 234 1 1 215 4 3273048396 3265372906 1 0 4
0 194 235 141 83 65 19 52 249 0 0 15 6 3270217043 1091777785 0 204 7
1 193 20 144 15 195 25 253 1 0 2 105 9 3239350287 3273260289 0 1 10
0 195 4 16 22 194 200 2 191 1 1 58 6 3271823382 3267887807 1 0 6
0 65 78 252 177 66 184 224 116 1 1 141 2 1095695537 1119412340 1 204 3
0 66 137 4 13 195 46 243 241 2 0 255 4 1116275725 3274634225 0 204 5
1 65 248 209 228 195 23 155 141 2 2 244 4294967295 1106825700 3273104269 0 1 0
0 66 153 103 35 195 14 70 165 0 0 71 6 1117349667 3272492709 0 204 7
0 193 65 116 34 67 5 248 255 0 0 215 0 3242292258 1124464895 0 0 0
0 67 35 63 96 193 214 109 221 2 0 233 8 1126383456 3252055517 0 204 9
1 66 237 226 61 194 51 29 168 0 0 55 2 1122886205 3258129832 0 1 3
0 64 194 9 230 194 255 175 189 1 1 33 7 1086458342 3271536573 1 204 8
0 67 36 126 219 194 168 201 162 2 1 153 6 1126465243 3265841570 1 204 7
0 194 221 61 28 67 13 63 48 2 0 185 9 3269279004 1124941616 0 0 9
1 67 32 57 200 65 107 41 60 2 2 121 4294967295 1126185416 1097541948 0 1 0
1 65 237 93 163 195 9 62 87 2 2 69 3 1106075043 3272162903 0 1 4
0 67 27 221 60 67 21 235 10 1 2 199 7 1125899580 1125509898 1 0 7
0 194 133 144 84 194 213 22 29 2 2 60 7 3263533140 3268744733 0 204 8
1 195 23 55 105 67 46 200 21 1 0 156 4 3273078633 1127139349 1 1 5
0 194 15 84 149 194 110 0 198 1 0 185 6 3255784597 3261989062 1 204 7
0 194 213 165 174 195 38 225 155 1 1 36 3 3268781486 3274105243 1 204 4
0 192 133 200 156 194 117 134 3 2 0 173 3 3229993116 3262481923 0 204 4
1 194 241 179 106 67 0 51 35 2 1 108 4294967295 3270620010 1124086563 1 1 0
0 193 20 161 161 195 22 36 111 1 1 235 2 3239354785 3273008239 1 204 3
0 194 182 139 43 194 48 151 215 2 2 146 10 3266743083 3257964503 0 0 10
0 66 15 250 142 66 199 157 199 2 0 54 3 1108343438 1120378311 0 204 4
1 195 20 87 125 194 238 77 240 1 2 84 10 3272890237 3270397424 1 1 11
0 195 10 91 60 66 114 144 29 1 0 199 2 3272235836 1114804253 1 204 3
0 194 127 246 109 194 114 14 27 2 1 3 4 3263166061 3262254619 1 204 5
0 194 169 167 120 192 157 110 241 2 0 34 1 3265898360 3231543025 0 204 2
1 66 205 15 174 66 133 8 121 1 2 23 4294967295 1120735150 1116014713 1 1 0
0 65 107 69 97 194 142 168 254 1 0 73 3 1097549153 3264129278 1 0 3
0 194 139 29 175 66 81 101 9 0 0 26 9 3263897007 1112630537 0 0 9
0 67 50 35 111 193 129 115 160 1 2 214 9 1127359343 3246486432 1 204 10
1 66 46 245 78 66 207 220 111 1 2 18 5 1110373710 1120918639 1 1 6
0 66 208 251 124 64 39 86 86 1 2 21 6 1120992124 1076319830 1 204 7
0 66 58 31 126 66 38 123 242 1 1 89 9 1111105406 1109818354 1 204 10
0 66 230 226 41 193 241 71 89 2 0 199 10 1122427433 3253815129 0 204 11
1 194 174 105 220 65 152 208 78 2 1 4 4294967295 3266210268 1100533838 1 1 0
1 194 134 222 168 194 181 76 17 2 1 191 3 3263618728 3266661393 1 1 4
0 194 215 213 15 67 29 153 174 0 2 38 5 3268924687 1126013358 0 0 5
0 66 172 200 49 194 117 173 103 1 1 203 7 1118619697 3262492007 1 204 8
1 66 165 166 38 66 14 125 239 2 1 114 2 1118152230 1108245999 1 1 3
0 65 52 120 16 66 59 223 135 1 0 226 8 1093957648 1111220103 1 204 9
0 195 35 220 66 65 85 154 224 1 1 145 4 3273907266 1096129248 1 204 5
0 65 172 220 135 194 42 214 92 2 0 1 0 1101847687 3257587292 0 204 1
1 66 17 111 3 195 45 39 148 0 2 212 4294967295 1108438787 3274516372 0 1 0
1 194 255 175 172 194 192 78 41 0 0 242 0 3271536556 3267382825 0 1 1
0 66 101 57 139 194 16 24 56 2 1 144 2 1113930123 3255834680 1 0 2
0 66 137 17 73 66 107 246 88 1 2 224 8 1116279113 1114371672 1 204 9
1 194 125 90 109 66 207 24 243 0 1 146 3 3262995053 1120868595 1 1 4
0 194 158 226 179 193 78 252 150 1 1 89 9 3265192627 3243179158 1 204 10
0 195 21 116 117 194 166 205 176 0 1 166 5 3272963189 3265711536 1 204 6
0 66 137 179 225 195 20 224 89 2 0 113 7 1116320737 3272925273 0 0 7
1 194 18 88 167 194 200 47 58 1 2 137 4294967295 3255982247 3267899194 1 1 0
1 194 141 207 243 66 184 32 3 0 0 46 6 3264073715 1119363075 0 1 7
0 63 164 171 60 67 51 2 156 2 0 224 7 1067756348 1127416476 0 0 7
0 194 235 4 9 193 44 0 118 1 2 136 6 3270181897 3240886390 1 204 7
1 194 161 212 172 193 143 205 172 2 1 175 10 3265385644 3247426988 1 1 11
0 195 30 200 23 195 3 1 206 1 2 87 0 3273574423 3271754190 1 204 1
0 65 79 81 62 66 83 159 145 2 1 84 4 1095717182 1112776593 1 204 5
0 194 148 129 49 66 224 85 203 2 0 88 9 3264512305 1121998283 0 204 10
1 66 43 237 137 66 181 174 138 1 1 20 4294967295 1110175113 1119202954 1 1 0
0 66 145 107 217 65 137 101 84 0 2 242 4 1116826585 1099523412 0 204 5
0 193 176 115 44 66 209 153 209 1 2 144 3 3249566508 1121032657 1 0 3
0 65 180 160 136 66 95 8 121 2 0 25 9 1102356616 1113524345 0 204 10
1 67 23 137 61 66 15 133 219 0 2 211 9 1125615933 1108313563 0 1 10
0 194 55 222 13 195 46 199 16 1 1 218 0 3258441229 3274622736 1 204 1
0 67 11 16 112 67 46 15 132 1 1 10 7 1124798576 1127092100 1 204 8
0 191 184 20 23 194 172 239 21 2 0 180 5 3216512023 3266113301 0 204 6
1 193 113 222 71 66 248 216 143 2 2 94 4294967295 3245465159 1123604623 0 1 0
0 67 14 85 107 67 12 20 65 1 1 130 3 1125012843 1124865089 1 204 4
0 67 20 178 96 195 39 212 54 2 0 95 5 1125429856 3274167350 0 0 5
0 194 206 109 167 194 143 109 206 2 0 51 3 3268308391 3264179662 0 204 4
1 194 125 142 150 194 115 126 115 2 2 141 7 3263008406 3262348915 0 1 8
0 65 99 14 131 67 26 1 137 1 2 254 8 1097010819 1125777801 1 204 9
0 66 19 101 27 67 48 57 225 0 1 100 3 1108567323 1127234017 1 204 4
0 66 234 57 225 66 140 222 141 2 0 32 5 1122646497 1116528269 0 204 6
1 67 10 220 58 66 236 238 142 1 1 15 4294967295 1124785210 1122823822 1 1 0
0 194 48 3 19 67 10 238 46 1 1 36 7 3257926419 1124789806 1 204 8
0 66 135 23 203 194 215 171 191 0 0 174 6 1116149707 3268914111 0 0 6
0 66 187 254 198 67 7 249 72 2 0 57 8 1119616710 1124596040 0 204 9
1 194 243 249 131 66 177 71 70 1 1 179 4 3270769027 1118914374 1 1 5
0 194 224 104 90 66 45 35 17 1 2 9 2 3269486682 1110254353 1 204 3
0 67 41 16 69 195 20 36 243 2 1 222 4 1126764613 3272877299 1 204 5
0 67 40 246 45 66 198 186 92 2 0 175 6 1126757933 1120320092 0 204 7
1 194 194 109 118 193 63 137 242 2 2 230 4294967295 3267521910 3242166770 0 1 0
1 194 231 193 153 64 158 250 183 2 2 45 2 3269968281 1084160695 0 1 3
0 194 234 220 152 194 131 56 58 1 0 216 9 3270171800 3263379514 1 0 9
0 66 134 144 170 194 85 0 43 1 2 72 0 1116115114 3260350507 1 204 1
1 194 181 158 24 66 189 67 138 0 2 198 10 3266682392 1119699850 0 1 11
0 193 102 203 134 67 30 252 130 1 2 89 0 3244739462 1126104194 1 204 1
0 66 247 1 42 67 16 81 141 1 1 190 0 1123483946 1125142925 1 204 1
0 66 125 211 30 194 241 26 224 2 0 78 3 1115542302 3270580960 0 204 4
1 66 204 218 202 67 28 252 117 1 0 131 4294967295 1120721610 1125973109 1 1 0
0 66 208 81 124 66 216 69 159 0 1 222 4 1120948604 1121469855 1 0 4
0 66 33 151 87 66 225 233 176 1 1 15 0 1109497687 1122101680 1 0 0
0 66 134 120 215 192 148 196 20 0 1 69 6 1116109015 3230974996 1 204 7
1 195 6 73 162 194 214 24 211 0 2 155 7 3271969186 3268810963 0 1 8
0 193 97 227 110 67 39 202 154 1 1 12 5 3244417902 1126681242 1 204 6
0 193 5 88 128 66 77 244 135 1 1 217 4 3238353024 1112405127 1 204 5
0 194 186 107 52 192 233 8 60 2 0 10 2 3266997044 3236497468 0 0 2
1 194 65 93 160 195 12 115 96 0 1 163 4294967295 3259063712 3272373088 1 1 0
0 66 205 62 51 195 45 123 1 0 2 189 4 1120747059 3274537729 0 204 5
0 67 10 95 116 194 193 63 136 1 0 107 3 1124753268 3267444616 1 0 3
0 66 152 118 57 67 42 125 112 0 1 229 9 1117287993 1126858096 1 204 10
1 194 133 84 34 66 37 29 157 2 0 224 5 3263517730 1109728669 0 1 6
0 65 138 141 159 66 154 175 211 1 2 87 4 1099599263 1117433811 1 204 5
0 67 46 120 53 194 180 59 63 1 1 17 0 1127118901 3266591551 1 204 1
0 64 236 128 15 194 176 113 230 2 0 134 3 1089241103 3266343398 0 0 3
1 67 32 114 203 195 15 220 75 2 2 186 4294967295 1126200011 3272596555 0 1 0
0 195 31 7 117 67 25 146 24 0 0 100 7 3273590645 1125749272 0 0 7
0 65 143 126 246 66 148 58 167 0 0 251 0 1099923190 1117010599 0 0 0
0 195 49 93 189 193 70 14 255 0 1 11 1 3274792381 3242594047 1 204 2
1 67 46 44 58 67 8 178 217 1 0 174 3 1127099450 1124643545 1 1 4
0 67 23 237 151 66 181 179 184 1 1 65 4 1125641623 1119204280 1 204 5
0 195 7 108 115 194 31 37 94 0 1 165 2 3272043635 3256821086 1 204 3
0 67 48 22 73 195 6 169 170 2 0 241 10 1127224905 3271993770 0 204 11
1 66 221 10 159 194 74 108 245 2 0 157 4294967295 1121782431 3259657461 0 1 0
0 67 15 239 225 66 125 107 146 1 1 224 9 1125117921 1115515794 1 0 9
0 67 39 221 4 195 51 115 149 0 0 73 7 1126685956 3274929045 0 0 7
0 65 190 39 36 66 68 221 221 0 2 141 10 1102980900 1111809501 0 204 11
1 67 21 24 97 66 131 14 90 0 2 0 5 1125455969 1115885146 0 1 6
0 66 170 74 53 195 36 223 113 1 1 156 4 1118456373 3273973617 1 204 5
0 192 142 217 7 194 58 78 168 0 1 32 10 3230587143 3258601128 1 204 11
0 194 161 231 141 194 213 134 20 2 0 8 6 3265390477 3268773396 0 204 7
1 66 26 35 140 64 205 225 10 2 2 7 4294967295 1109009292 1087234314 0 1 0
1 194 120 248 136 67 45 237 113 0 1 238 1 3262707848 1127083377 1 1 2
0 193 252 31 21 67 1 247 136 1 1 182 9 3254525717 1124202376 1 0 9
0 66 248 112 202 194 202 209 160 2 2 122 4 1123578058 3268071840 0 204 5
1 194 126 7 181 194 132 1 135 0 1 191 3 3263039413 3263431047 1 1 4
0 67 7 70 117 66 61 165 239 1 1 27 4 1124550261 1111336431 1 204 5
0 66 139 75 78 194 143 189 10 0 1 180 9 1116425038 3264199946 1 204 10
0 66 246 225 233 66 243 97 144 2 0 33 1 1123475945 1123246480 0 204 2
1 66 197 77 76 194 234 67 184 1 2 74 4294967295 1120226636 3270132664 1 1 0
0 192 213 239 219 63 183 163 64 2 1 59 7 3235246043 1068999488 1 0 7
0 194 199 8 21 64 168 197 173 1 2 3 2 3267823637 1084802477 1 0 2
0 67 11 122 191 194 55 235 42 0 0 150 0 1124825791 3258444586 0 204 1
1 194 98 155 41 66 179 90 184 2 1 242 6 3261242153 1119050424 1 1 7
0 195 37 175 228 67 19 218 231 1 1 149 1 3274026980 1125374695 1 204 2
0 195 35 170 4 195 48 171 217 1 1 13 6 3273894404 3274746841 1 0 6
0 67 35 244 171 66 177 98 152 2 0 41 6 1126429867 1118921368 0 204 7
1 193 229 203 44 194 244 33 215 2 0 77 4294967295 3253062444 3270779351 0 1 0
1 194 17 150 103 193 244 56 132 1 0 168 5 3255932519 3254007940 1 1 6
0 66 197 27 32 193 147 84 107 0 1 86 3 1120213792 3247658091 1 0 3
0 194 26 84 84 66 150 253 15 2 2 109 8 3256505428 1117191439 0 204 9
1 66 109 141 11 67 32 124 149 2 0 69 5 1114475787 1126202517 0 1 6
0 194 111 158 201 194 171 204 219 1 1 241 6 3262095049 3266039003 1 204 7
0 194 141 84 237 194 2 145 61 0 1 133 10 3264042221 3254948157 1 204 11
0 66 159 100 115 67 0 159 10 2 0 208 6 1117742195 1124114186 0 204 7
1 194 25 214 46 194 184 135 121 1 2 92 4294967295 3256473134 3266873209 1 1 0
0 66 157 206 215 67 51 175 42 1 1 213 0 1117638359 1127460650 1 0 0
0 195 16 211 95 194 248 155 177 0 2 13 4 3272659807 3271072689 0 0 4
0 193 73 17 6 194 244 197 182 2 2 44 0 3242791174 3270821302 0 204 1
1 193 152 146 213 193 93 244 82 1 0 37 5 3248001749 3244160082 1 1 6
0 65 81 70 39 194 26 104 21 1 2 31 9 1095845415 3256510485 1 204 10
0 194 247 242 116 63 203 191 207 1 1 186 10 3271029364 1070317519 1 204 11
0 195 15 164 121 194 193 65 75 2 0 68 1 3272582265 3267445067 0 204 2
1 66 157 44 225 194 204 216 189 2 0 56 4294967295 1117596897 3268204733 0 1 0
1 194 128 241 195 194 148 182 146 0 1 57 6 3263230403 3264525970 1 1 7
0 195 37 206 98 194 132 203 58 1 0 100 8 3274034786 3263482682 1 0 8
0 194 201 132 115 194 119 122 83 1 1 151 5 3267986547 3262610003 1 204 6
1 67 47 13 97 193 209 94 110 2 1 213 1 1127157089 3251723886 1 1 2
0 191 243 198 193 66 6 66 95 1 2 24 3 3220424385 1107706463 1 204 4
0 66 190 190 242 195 33 159 151 0 1 162 6 1119796978 3273760663 1 204 7
0 195 8 36 250 193 57 95 74 2 0 141 0 3272090874 3241762634 0 204 1
1 66 157 7 188 67 9 1 31 2 2 18 4294967295 1117587388 1124663583 0 1 0
1 67 41 46 46 66 255 208 140 0 1 102 5 1126772270 1124061324 1 1 6
0 66 152 37 1 65 6 228 221 2 0 10 10 1117267201 1090970845 0 0 10
0 67 27 63 79 67 22 35 1 0 2 10 6 1125859151 1125524225 0 204 7
1 194 220 106 42 66 248 70 9 1 1 189 1 3269225002 1123567113 1 1 2
0 192 162 38 135 192 254 163 104 1 2 246 2 3231852167 3237913448 1 204 3
0 66 245 142 176 194 55 76 47 2 1 98 5 1123389104 3258403887 1 204 6
0 193 224 205 213 67 38 195 126 2 0 238 9 3252735445 1126613886 0 204 10
1 192 219 0 110 65 254 0 83 1 2 158 4294967295 3235577966 1107165267 1 1 0
0 194 205 172 58 195 29 116 232 0 0 46 8 3268258874 3273487592 0 204 9
0 194 218 238 130 194 135 111 40 0 0 236 4 3269127810 3263655720 0 0 4
0 66 88 42 231 195 18 119 101 0 0 65 6 1113074407 3272767333 0 204 7
1 195 20 215 114 67 28 211 214 2 0 42 2 3272922994 1125962710 0 1 3
0 195 10 111 17 194 161 250 165 1 0 207 3 3272240913 3265395365 1 204 4
0 67 14 88 233 194 136 153 105 2 1 225 6 1125013737 3263732073 1 0 6
0 66 156 251 216 67 7 69 253 2 0 34 9 1117584344 1124550141 0 204 10
1 195 22 191 246 195 14 231 122 2 0 155 4294967295 3273048054 3272533882 0 1 0
0 65 200 106 112 67 9 17 176 1 1 40 2 1103653488 1124667824 1 204 3
0 194 164 85 70 67 42 142 214 1 2 213 0 3265549638 1126862550 1 0 0
0 67 47 200 233 194 221 147 10 2 1 99 1 1127205097 3269301002 1 204 2
1 67 4 79 6 67 51 43 85 1 0 147 3 1124355846 1127426901 1 1 4
0 66 137 170 65 194 214 69 135 1 0 26 8 1116318273 3268822407 1 204 9
0 67 24 176 169 64 252 204 75 1 1 9 10 1125691561 1090309195 1 0 10
0 67 7 16 145 67 36 160 94 2 0 83 6 1124536465 1126473822 0 204 7
1 66 207 142 166 65 82 173 238 0 0 144 4294967295 1120898726 1095937518 0 1 0
0 191 179 212 9 67 39 21 33 1 2 247 6 3216233481 1126634785 1 204 7
0 66 202 134 163 66 156 148 242 0 0 153 7 1120568995 1117558002 0 0 7
0 192 60 131 52 66 197 213 18 2 1 165 6 3225191220 1120261394 1 204 7
1 194 150 123 115 67 15 230 19 0 2 147 10 3264641907 1125115411 0 1 11
0 194 136 27 105 66 83 184 74 1 0 57 6 3263699817 1112782922 1 204 7
0 195 38 129 47 195 3 208 240 2 1 34 3 3274080559 3271807216 1 0 3
0 66 218 169 31 65 255 172 72 2 0 27 7 1121626399 1107274824 0 204 8
1 194 204 197 50 67 35 149 143 1 0 16 4294967295 3268199730 1126405519 1 1 0
0 194 104 74 126 66 92 17 254 1 2 183 0 3261614718 1113330174 1 204 1
0 66 171 135 195 67 41 76 81 0 1 65 8 1118537667 1126779985 1 0 8
0 66 132 182 143 66 173 226 119 1 0 85 6 1115993743 1118691959 1 204 7
1 194 53 46 59 64 227 84 24 2 1 242 7 3258265147 1088640024 1 1 8
0 67 5 39 172 66 75 100 131 1 1 144 7 1124411308 1112237187 1 204 8
0 66 199 197 9 66 197 156 161 0 1 140 2 1120388361 1120246945 1 204 3
0 66 225 232 156 193 231 47 8 2 0 138 8 1122101404 3253153544 0 204 9
1 194 192 219 123 65 109 226 157 1 0 6 4294967295 3267419003 1097720477 1 1 0
0 66 139 30 29 67 37 34 13 0 1 160 2 1116413469 1126507021 1 0 2
0 67 23 165 29 195 8 61 189 1 2 228 2 1125623069 3272097213 1 0 2
0 195 43 28 202 66 251 255 172 2 1 192 2 3274382538 1123811244 1 204 3
1 64 175 144 171 194 194 17 43 2 2 238 3 1085247659 3267498283 0 1 4
0 194 180 17 208 65 134 244 198 1 0 218 0 3266580944 1099363526 1 204 1
0 66 149 197 190 194 221 184 49 1 1 227 1 1117111742 3269310513 1 204 2
0 194 149 213 84 67 26 41 237 2 0 148 0 3264599380 1125788141 0 204 1
1 194 161 128 150 67 9 229 231 1 1 147 4294967295 3265364118 1124722151 1 1 0
0 194 218 2 176 67 10 52 122 2 2 77 2 3269067440 1124742266 0 0 2
0 67 50 3 75 194 129 202 73 0 1 26 2 1127351115 3263285833 1 0 2
0 67 15 182 239 66 219 118 96 0 0 94 3 1125103343 1121678944 0 204 4
1 194 113 162 60 67 0 104 14 1 0 237 4 3262227004 1124100110 1 1 5
0 66 124 213 56 67 10 53 164 1 2 106 0 1115477304 1124742564 1 204 1
0 66 143 167 146 63 139 140 207 0 1 97 1 1116710802 1066110159 1 204 2
0 193 14 41 111 195 46 112 91 2 0 15 10 3238930799 3274600539 0 204 11
1 67 27 46 253 193 143 174 152 1 0 6 4294967295 1125854973 3247419032 1 1 0
0 194 199 79 2 65 213 6 185 1 1 172 2 3267841794 1104479929 1 204 3
0 67 23 13 210 194 220 231 79 1 2 16 5 1125584338 3269257039 1 0 5
0 66 139 42 78 66 212 211 66 2 1 116 6 1116416590 1121243970 1 204 7
1 194 80 105 119 66 215 2 93 0 0 229 6 3260049783 1121387101 0 1 7
0 66 180 144 144 66 93 115 60 1 1 9 0 1119129744 1113420604 1 204 1
0 67 15 75 39 195 27 107 55 1 1 69 5 1125075751 3273354039 1 204 6
0 194 198 7 144 195 13 128 23 2 0 136 0 3267757968 3272441879 0 0 0
1 67 5 97 105 65 146 2 91 1 1 250 4294967295 1124426089 1100087899 1 1 0
0 195 1 34 84 194 190 116 19 2 0 67 1 3271631444 3267261459 0 0 1
0 66 200 32 235 194 204 22 94 0 0 23 6 1120411883 3268154974 0 0 6
0 67 1 231 250 194 214 96 36 1 2 162 0 1124198394 3268829220 1 204 1
1 67 19 137 60 64 174 51 181 2 2 166 10 1125353788 1085158325 0 1 11
0 195 25 206 68 195 13 95 20 1 2 237 0 3273248324 3272433428 1 204 1
0 66 119 178 90 66 242 172 179 2 1 178 4 1115140698 1123200179 1 204 5
0 66 241 105 150 194 70 181 60 2 0 45 8 1123117462 3259413820 0 0 8
1 194 213 61 124 193 152 64 186 1 0 164 4294967295 3268754812 3247980730 1 1 0
0 66 147 77 68 65 149 127 76 2 2 219 9 1116949828 1100316492 0 204 10
0 66 118 33 48 67 33 148 78 1 1 81 2 1115038000 1126274126 1 0 2
0 65 165 208 146 193 233 215 31 1 0 234 7 1101385874 3253327647 1 204 8
1 193 208 200 37 194 174 55 104 0 1 142 10 3251685413 3266197352 1 1 11
0 66 32 157 110 67 50 111 99 1 1 247 4 1109433710 1127378787 1 204 5
0 195 34 217 55 193 97 229 0 1 1 253 4 3273840951 3244418304 1 204 5
0 194 162 61 65 66 57 145 74 2 0 126 9 3265412417 1111069002 0 204 10
1 195 39 216 165 194 15 143 136 2 1 82 4294967295 3274168485 3255799688 1 1 0
1 66 145 94 38 66 95 118 87 0 1 8 2 1116823078 1113552471 1 1 3
0 195 46 32 36 194 72 239 145 1 1 193 4 3274580004 3259559825 1 0 4
0 67 43 39 215 66 215 114 105 2 1 100 1 1126901719 1121415785 1 204 2
1 66 77 227 17 67 13 26 110 2 1 197 1 1112400657 1124932206 1 1 2
0 67 14 102 242 194 51 241 244 1 2 149 2 1125017330 3258184180 1 204 3
0 194 96 89 215 193 211 48 245 2 1 13 3 3261094359 3251843317 1 204 4
0 194 131 113 201 66 172 183 206 2 0 244 0 3263394249 1118615502 0 0 0
1 194 61 135 96 66 106 94 103 0 1 88 4294967295 3258812256 1114267239 1 1 0
0 67 11 46 224 194 57 127 107 0 1 66 7 1124806368 3258548075 1 0 7
0 67 26 61 27 195 1 255 125 2 0 247 4 1125793051 3271688061 0 0 4
0 195 48 90 73 66 211 24 188 0 1 226 10 3274725961 1121130684 1 204 11
1 193 155 156 190 193 163 139 160 0 1 70 5 3248200894 3248720800 1 1 6
0 66 179 117 165 65 66 192 248 1 1 77 7 1119057317 1094893816 1 204 8
0 67 40 75 147 67 49 184 184 0 1 74 10 1126714259 1127332024 1 204 11
0 66 51 214 96 194 165 125 20 2 0 160 6 1110693472 3265625364 0 204 7
1 67 18 171 121 66 229 91 197 0 1 32 4294967295 1125297017 1122327493 1 1 0
1 194 36 176 217 195 31 89 39 2 0 93 4 3257184473 3273611559 0 1 5
0 191 142 219 76 194 222 119 196 0 2 81 9 3213810508 3269359556 0 0 9
0 194 197 243 180 67 18 255 202 1 0 250 5 3267752884 1125318602 1 204 6
1 66 42 169 99 66 250 113 141 1 2 29 5 1110092131 1123709325 1 1 6
0 195 14 228 245 67 44 133 3 1 0 238 9 3272533237 1126991107 1 204 10
0 66 28 145 205 194 62 158 96 2 1 189 8 1109168589 3258883680 1 0 8
0 194 224 231 32 66 179 24 39 2 0 224 6 3269519136 1119033383 0 204 7
1 66 218 197 125 67 4 76 169 1 0 155 4294967295 1121633661 1124355241 1 1 0
0 194 126 116 207 66 92 81 235 2 1 96 0 3263067343 1113346539 1 0 0
0 195 49 46 69 192 241 236 104 1 1 110 9 3274780229 3237080168 1 0 9
0 193 60 46 120 66 102 164 241 0 1 226 7 3241946744 1114023153 1 204 8
1 66 230 240 0 67 24 142 204 0 0 205 10 1122430976 1125682892 0 1 11
0 66 229 137 235 64 191 46 225 1 2 51 8 1122339307 1086271201 1 204 9
0 193 2 137 91 65 199 176 199 2 1 36 4 3238168923 1103605959 1 204 5
0 66 166 10 87 67 50 210 7 2 0 40 0 1118177879 1127404039 0 204 1
1 194 171 0 184 66 170 247 118 2 1 239 4294967295 3265986744 1118500726 1 1 0
0 194 18 239 250 194 161 171 33 0 2 238 2 3256020986 3265375009 0 0 2
0 194 11 195 166 67 41 148 193 0 2 249 7 3255550886 1126798529 0 0 7
0 195 17 58 86 63 181 200 206 1 0 73 5 3272686166 1068878030 1 204 6
1 194 251 154 210 67 0 193 46 1 2 94 1 3271269074 1124122926 1 1 2
0 67 51 141 28 66 17 26 30 1 0 170 0 1127451932 1108417054 1 204 1
0 67 23 92 31 194 46 54 249 1 1 68 4 1125604383 3257808633 1 204 5
0 67 47 75 45 66 176 155 152 2 0 149 0 1127172909 1118870424 0 204 1
1 194 2 235 82 66 157 117 120 2 2 6 4294967295 3254971218 1117615480 0 1 0
0 64 252 189 219 66 192 201 163 0 0 66 7 1090305499 1119930787 0 0 7
0 195 44 94 216 66 8 105 217 2 1 180 2 3274464984 1107847641 1 0 2
0 66 131 97 231 193 216 169 67 2 0 149 3 1115906535 3252201795 0 204 4
1 195 42 124 27 63 249 127 78 2 0 139 4 3274341403 1073315662 0 1 5
0 194 148 92 160 67 4 119 226 1 2 245 2 3264502944 1124366306 1 0 2
0 194 155 152 83 66 246 225 122 1 1 65 5 3264976979 1123475834 1 204 6
0 67 38 161 149 195 41 183 31 2 0 99 5 1126605205 3274290975 0 0 5
1 193 165 232 201 195 6 153 76 2 0 230 4294967295 3248875721 3271989580 0 1 0
0 67 42 54 73 194 104 6 23 1 2 51 10 1126839881 3261597207 1 204 11
0 194 69 227 137 66 40 216 214 2 0 141 9 3259360137 1109973206 0 0 9
0 194 195 30 142 66 199 221 139 1 0 212 1 3267567246 1120394635 1 204 2
1 194 73 194 165 66 130 89 129 0 1 17 7 3259613861 1115838849 1 1 8
0 194 197 155 19 66 133 241 235 1 2 218 2 3267730195 1116074475 1 204 3
0 194 54 184 106 194 163 84 206 1 1 163 2 3258366058 3265483982 1 0 2
0 195 23 184 97 67 39 236 239 2 0 28 9 3273111649 1126690031 0 204 10
1 66 227 23 36 194 85 100 200 2 0 44 4294967295 1122178852 3260376264 0 1 0
1 194 59 176 249 66 103 254 216 1 2 40 7 3258691833 1114111704 1 1 8
0 195 31 91 144 66 191 162 153 0 0 9 9 3273612176 1119855257 0 0 9
0 195 0 28 140 194 132 113 114 0 0 149 2 3271564428 3263459698 0 204 3
1 67 44 226 178 194 44 92 121 2 0 200 1 1127015090 3257687161 0 1 2
0 195 51 162 248 67 47 158 217 1 1 123 10 3274941176 1127194329 1 0 10
0 194 7 59 244 194 157 6 205 2 1 46 3 3255254004 3265070797 1 204 4
0 193 170 128 188 194 133 224 177 2 0 128 8 3249176764 3263553713 0 204 9
1 195 8 203 115 65 134 155 223 2 2 14 4294967295 3272133491 1099340767 0 1 0
1 67 11 147 38 194 83 129 1 1 2 161 2 1124832038 3260252417 1 1 3
0 194 132 205 63 66 206 107 29 0 2 236 0 3263483199 1120824093 0 0 0
0 194 146 119 236 195 7 59 93 1 0 27 10 3264378860 3272031069 1 204 11
1 194 110 255 176 67 14 72 252 2 2 86 9 3262054320 1125009660 0 1 10
0 195 33 17 60 67 24 164 18 1 0 158 3 3273724220 1125688338 1 204 4
0 66 21 86 5 66 59 54 69 2 1 204 4 1108694533 1111176773 1 204 5
0 67 14 231 182 66 233 66 77 2 0 170 8 1125050294 1122583117 0 0 8
1 67 13 77 212 66 158 96 54 0 0 231 4294967295 1124945364 1117675574 0 1 0
0 67 48 88 101 67 20 138 36 0 0 111 2 1127241829 1125419556 0 204 3
0 66 77 213 234 66 127 108 129 2 2 0 6 1112397290 1115647105 0 0 6
0 195 15 44 103 67 8 99 179 0 1 83 2 3272551527 1124623283 1 204 3
1 194 245 209 140 67 37 188 158 2 0 216 7 3270889868 1126546590 0 1 8
0 65 122 232 105 193 238 238 182 1 1 96 10 1098573929 3253661366 1 204 11
0 195 41 247 114 66 221 92 103 0 1 10 10 3274307442 1121803367 1 204 11
0 194 169 142 104 67 9 26 32 2 0 233 3 3265891944 1124669984 0 0 3
1 66 166 255 206 66 186 175 163 1 0 4 4294967295 1118240718 1119530915 1 1 0
0 194 21 122 41 194 178 238 108 1 2 255 1 3256187433 3266506348 1 204 2
0 66 114 194 69 67 19 147 174 0 2 84 0 1114817093 1125356462 0 0 0
0 194 193 234 189 194 81 31 126 2 2 154 5 3267488445 3260096382 0 204 6
1 194 157 204 10 194 182 98 175 1 2 193 9 3265121290 3266732719 1 1 10
0 191 95 75 180 66 182 139 60 1 1 14 5 3210693556 1119259452 1 204 6
0 67 36 21 218 63 43 208 146 2 1 152 0 1126438362 1059836050 1 204 1
0 194 107 8 99 194 44 129 20 2 0 194 9 3261794403 3257696532 0 204 10
1 65 122 205 30 65 190 162 241 1 1 58 4294967295 1098566942 1103012593 1 1 0
0 66 43 176 101 194 133 238 212 1 1 94 9 1110159461 3263557332 1 204 10
0 194 130 35 10 194 210 62 167 1 0 235 9 3263308554 3268558503 1 0 9
0 64 182 218 32 195 44 245 163 2 1 86 8 1085725216 3274503587 1 204 9
1 194 238 89 99 194 169 188 223 0 2 116 9 3270400355 3265903839 0 1 10
0 194 234 32 179 66 188 59 135 1 2 66 4 3270123699 1119632263 1 0 4
0 67 43 119 169 66 235 98 114 0 1 145 10 1126922153 1122722418 1 204 11
0 67 22 27 78 193 195 228 200 2 0 244 1 1125522254 3250840776 0 0 1
1 67 48 92 110 195 33 145 76 0 2 0 4294967295 1127242862 3273757004 0 1 0
0 195 2 17 77 192 166 222 98 2 0 244 1 3271692621 3232161378 0 204 2
0 66 207 252 94 195 33 200 133 1 1 158 2 1120926814 3273771141 1 0 2
0 66 55 227 251 194 51 227 93 0 0 73 10 1110959099 3258180445 0 204 11
1 67 27 45 168 67 27 174 161 0 1 225 3 1125854632 1125887649 1 1 4
0 66 166 129 158 65 29 77 34 1 1 214 0 1118208414 1092439330 1 0 0
0 65 10 219 172 194 130 24 179 1 1 189 10 1091230636 3263305907 1 204 11
0 195 17 164 64 66 219 55 205 2 0 94 10 3272713280 1121662925 0 204 11
1 66 254 234 143 195 17 191 193 2 2 174 4294967295 1124002447 3272720321 0 1 0
0 194 50 118 18 195 51 101 133 1 1 226 4 3258086930 3274925445 1 204 5
0 67 41 91 161 193 28 159 51 2 0 25 4 1126783905 3239878451 0 0 4
0 194 222 165 220 67 15 197 146 1 0 204 9 3269371356 1125107090 1 204 10
1 194 120 81 211 66 39 2 110 0 0 55 9 3262665171 1109852782 0 1 10
0 194 157 148 129 66 62 186 198 1 2 118 3 3265107073 1111407302 1 204 4
0 66 148 228 4 65 233 23 212 1 1 214 7 1117053956 1105795028 1 204 8
0 195 45 67 20 194 179 169 130 2 0 235 0 3274523412 3266554242 0 204 1
1 66 181 15 168 66 169 86 19 1 1 218 4294967295 1119162280 1118393875 1 1 0
0 195 23 177 71 194 185 127 152 2 0 247 2 3273109831 3266936728 0 204 3
0 67 35 43 220 195 23 240 83 2 1 141 9 1126378460 3273125971 1 0 9
0 66 223 238 212 66 99 98 60 0 1 40 5 1121971924 1113809468 1 204 6
1 194 78 185 88 195 46 15 247 0 0 14 2 3259939160 3274575863 0 1 3
0 194 212 163 216 194 93 36 4 1 1 250 7 3268715480 3260883972 1 204 8
0 194 161 194 179 65 62 232 172 2 1 44 5 3265381043 1094641836 1 204 6
0 194 197 159 34 66 148 155 251 2 0 182 1 3267731234 1117035515 0 0 1
1 67 19 239 67 67 15 75 187 2 0 226 4294967295 1125379907 1125075899 0 1 0
1 67 6 85 148 194 230 76 79 2 1 153 1 1124488596 3269872719 1 1 2
0 195 23 19 54 67 36 223 106 2 2 215 0 3273069366 1126489962 0 0 0
0 194 35 151 197 195 51 202 13 1 0 16 6 3257112517 3274951181 1 204 7
1 195 38 39 32 65 68 155 218 1 1 189 2 3274057504 1095015386 1 1 3
0 66 212 168 108 194 44 169 250 1 1 190 9 1121233004 3257707002 1 204 10
0 195 35 170 156 195 20 212 162 0 1 123 2 3273894556 3272922274 1 204 3
0 66 176 67 93 195 21 93 221 2 0 165 2 1118847837 3272957405 0 204 3
1 66 117 14 236 194 145 111 50 1 1 167 4294967295 1114967788 3264311090 1 1 0
0 66 227 215 206 194 35 24 200 2 1 134 3 1122228174 3257080008 1 204 4
0 66 65 98 74 66 69 30 155 2 1 114 9 1111581258 1111826075 1 0 9
0 192 182 199 45 65 220 107 37 1 0 188 3 3233204013 1104964389 1 204 4
1 67 21 154 123 194 165 82 66 0 2 180 9 1125489275 3265614402 0 1 10
0 66 208 33 179 66 152 113 102 1 2 195 2 1120936371 1117286758 1 204 3
0 194 147 206 169 66 183 121 143 0 1 92 2 3264466601 1119320463 1 204 3
0 194 123 189 60 194 134 11 227 2 0 243 4 3262889276 3263564771 0 204 5
1 194 121 168 188 194 127 207 137 2 2 60 4294967295 3262752956 3263156105 0 1 0
0 194 79 87 209 192 158 177 210 1 1 28 3 3259979729 3231625682 1 0 3
0 66 28 167 29 193 94 103 246 1 2 161 7 1109174045 3244189686 1 0 7
0 194 21 251 231 67 5 120 241 2 0 239 8 3256220647 1124432113 0 204 9
1 192 150 21 191 193 252 79 110 0 2 160 7 3231061439 3254538094 0 1 8
0 66 79 56 38 193 75 182 157 1 1 217 4 1112487974 3242964637 1 204 5
0 193 175 65 227 66 57 213 149 2 1 127 5 3249488355 1111086485 1 204 6
0 194 194 181 114 195 24 114 39 2 0 32 10 3267540338 3273159207 0 204 11
1 194 34 252 214 194 188 93 219 2 2 181 4294967295 3257072854 3267124699 0 1 0
0 193 156 159 10 67 6 250 150 1 2 226 8 3248267018 1124530838 1 0 8
0 67 29 124 139 194 221 142 117 2 0 11 7 1126005899 3269299829 0 0 7
0 194 135 75 94 67 46 213 140 2 0 199 2 3263646558 1127142796 0 204 3
1 194 50 118 160 67 14 17 225 0 0 172 0 3258087072 1124995553 0 1 1
0 193 55 72 54 195 9 186 216 1 0 213 6 3241625654 3272194776 1 0 6
0 66 103 7 215 192 148 31 122 0 1 117 1 1114048471 3230932858 1 0 1
0 195 2 88 143 195 20 176 133 2 0 186 1 3271710863 3272913029 0 0 1
1 66 144 140 84 194 238 222 190 2 1 209 4294967295 1116769364 3270434494 1 1 0
0 66 206 166 238 194 2 97 239 0 2 186 6 1120839406 3254936047 0 0 6
0 194 5 94 51 66 174 171 63 0 1 51 2 3255131699 1118743359 1 0 2
0 192 148 154 186 66 74 21 106 0 2 182 3 3230964410 1112151402 0 204 4
1 195 47 239 31 194 136 254 223 1 0 40 5 3274698527 3263758047 1 1 6
0 67 42 57 86 66 9 172 77 1 1 66 1 1126840662 1107930189 1 0 1
0 194 143 134 239 66 170 160 112 2 1 140 0 3264186095 1118478448 1 204 1
0 195 1 92 87 193 144 2 165 2 0 114 8 3271646295 3247440549 0 204 9
1 67 9 86 37 67 39 177 182 1 1 114 4294967295 1124685349 1126674870 1 1 0
0 66 153 187 142 194 179 238 73 0 2 63 2 1117371278 3266571849 0 204 3
0 66 246 243 100 195 23 191 40 1 0 81 5 1123480420 3273113384 1 0 5
0 195 31 198 237 66 204 119 196 0 1 234 7 3273639661 1120696260 1 204 8
1 194 158 234 198 67 50 31 168 0 2 73 8 3265194694 1127358376 0 1 9
0 67 11 238 238 193 40 39 48 1 0 51 4 1124855534 3240634160 1 204 5
0 194 235 0 215 66 226 102 103 2 1 82 0 3270181079 1122133607 1 204 1
0 65 134 198 148 66 136 216 137 2 0 76 6 1099351700 1116264585 0 204 7
1 195 40 82 150 65 193 35 131 2 2 127 4294967295 3274199702 1103176579 0 1 0
0 66 201 163 214 193 41 207 224 2 2 33 8 1120510934 3240742880 0 0 8
0 66 83 154 35 66 229 232 67 2 0 166 5 1112775203 1122363459 0 0 5
0 66 177 29 39 67 48 218 249 0 1 81 2 1118903591 1127275257 1 204 3
1 194 102 95 22 194 182 96 27 2 0 98 6 3261488918 3266732059 0 1 7
0 194 90 139 113 195 23 218 165 1 2 247 0 3260713841 3273120421 1 204 1
0 66 34 37 37 194 137 88 136 1 1 218 9 1109533989 3263781000 1 204 10
0 66 140 235 73 66 103 131 58 2 0 237 10 1116531529 1114080058 0 204 11
1 195 19 86 72 66 213 135 101 2 1 122 4294967295 3272824392 1121290085 1 1 0
0 67 39 107 192 62 194 14 188 2 2 222 0 1126656960 1052905148 0 204 1
0 65 254 174 126 193 64 120 178 0 1 151 0 1107209854 3242227890 1 0 0
0 194 59 137 116 66 251 37 105 2 1 24 1 3258681716 1123755369 1 204 2
1 65 154 160 246 66 92 12 54 2 1 84 10 1100652790 1113328694 1 1 11
0 194 27 124 72 66 142 34 148 1 1 41 6 3256581192 1116611220 1 0 6
0 66 11 233 28 193 69 255 206 0 1 37 9 1108076828 3242590158 1 204 10
0 66 244 214 36 195 40 99 146 2 0 90 7 1123341860 3274204050 0 204 8
1 194 24 187 11 67 19 193 29 1 1 82 4294967295 3256400651 1125368093 1 1 0
1 67 28 178 22 65 119 141 217 0 0 69 6 1125954070 1098354137 0 1 7
0 194 191 9 164 194 204 41 63 0 2 38 3 3267299748 3268159807 0 0 3
0 194 180 202 241 67 48 7 163 0 2 81 3 3266628337 1127221155 0 204 4
1 195 33 29 154 66 248 234 248 2 2 187 6 3273727386 1123609336 0 1 7
0 194 25 236 236 64 144 76 198 1 0 149 10 3256478956 1083198662 1 204 11
0 65 239 218 161 67 27 72 203 2 1 219 6 1106238113 1125861579 1 204 7
0 66 132 200 105 66 165 68 59 2 0 95 3 1115998313 1118127163 0 0 3
1 193 171 144 164 195 35 5 200 2 0 85 4294967295 3249246372 3273852360 0 1 0
0 67 39 82 39 67 47 47 185 0 1 240 0 1126650407 1127165881 1 204 1
0 195 20 97 39 66 131 5 184 1 0 226 1 3272892711 1115882936 1 0 1
0 194 236 223 93 66 98 87 73 0 2 49 10 3270303581 1113741129 0 204 11
1 193 233 220 47 193 252 82 11 1 2 210 3 3253328943 3254538763 1 1 4
0 67 4 148 104 67 39 253 35 1 2 56 8 1124373608 1126694179 1 204 9
0 194 132 196 133 66 115 177 31 0 1 20 9 3263480965 1114878239 1 204 10
0 195 41 239 116 195 13 110 53 2 0 205 7 3274305396 3272437301 0 204 8
1 195 41 69 83 65 201 62 106 0 2 56 4294967295 3274261843 1103707754 0 1 0
1 194 189 144 148 67 49 195 17 2 2 201 2 3267203220 1127334673 0 1 3
0 194 37 21 246 66 54 159 170 0 1 180 1 3257210358 1110876074 1 0 1
0 195 5 139 156 194 208 51 99 2 2 28 4 3271920540 3268424547 0 204 5
1 193 238 1 200 65 231 91 0 0 2 130 9 3253600712 1105681152 0 1 10
0 194 136 176 197 194 204 105 18 1 2 203 2 3263738053 3268176146 1 0 2
0 66 153 29 56 66 172 113 4 0 1 147 5 1117330744 1118597380 1 204 6
0 67 15 249 210 195 7 33 243 2 0 255 2 1125120466 3272024563 0 204 3
1 194 141 158 77 191 10 15 176 2 0 121 4294967295 3264061005 3205107632 0 1 0
0 66 204 45 236 193 170 95 212 0 1 125 2 1120677356 3249168340 1 204 3
0 66 165 103 230 66 237 227 155 2 1 228 4 1118136294 1122886555 1 0 4
0 66 36 202 140 66 234 20 114 0 2 213 1 1109707404 1122636914 0 204 2
1 66 210 104 74 66 72 141 158 2 2 126 2 1121085514 1112051102 0 1 3
0 66 244 77 229 194 66 102 250 1 1 206 8 1123306981 3259131642 1 0 8
0 195 19 244 12 66 135 187 150 1 1 42 3 3272864780 1116191638 1 204 4
0 66 141 240 18 194 253 211 212 2 0 62 3 1116598290 3271414740 0 204 4
1 194 32 61 134 67 24 44 41 1 1 87 4294967295 3256892806 1125657641 1 1 0
0 194 236 147 52 194 31 194 1 0 1 146 2 3270284084 3256861185 1 204 3
0 194 218 7 224 194 69 242 241 0 2 111 0 3269068768 3259364081 0 0 0
0 194 149 151 179 66 238 164 87 1 1 207 1 3264583603 1122935895 1 204 2
1 67 15 36 135 194 169 49 136 2 1 36 2 1125065863 3265868168 1 1 3
0 66 192 11 155 65 250 67 163 1 2 154 3 1119882139 1106920355 1 204 4
0 66 218 147 175 194 196 193 119 2 1 30 8 1121620911 3267674487 1 204 9
0 193 183 69 15 67 0 163 226 2 0 150 1 3250013455 1124115426 0 0 1
1 67 21 28 238 193 21 247 149 2 2 218 4294967295 1125457134 3239442325 0 1 0
0 194 220 184 99 194 168 195 171 2 0 3 4 3269245027 3265840043 0 204 5
0 66 237 129 174 67 9 31 204 0 0 149 9 1122861486 1124671436 0 0 9
0 192 239 73 141 193 169 21 200 0 0 84 1 3236907405 3249083848 0 204 2
1 193 49 121 164 195 36 86 32 1 1 207 6 3241245092 3273938464 1 1 7
0 194 149 146 186 195 12 221 185 1 1 10 9 3264582330 3272400313 1 0 9
0 194 241 68 237 194 153 60 110 0 1 233 0 3270591725 3264822382 1 204 1
0 193 49 186 159 66 192 209 29 2 0 61 9 3241261727 1119932701 0 0 9
1 194 52 133 246 67 16 24 250 0 1 88 4294967295 3258222070 1125128442 1 1 0
1 66 42 179 213 65 246 32 64 2 2 143 0 1110094805 1106649152 0 1 1
0 66 164 223 48 66 207 241 174 1 1 167 6 1118101296 1120924078 1 0 6
0 66 192 247 54 67 35 219 85 1 0 199 3 1119942454 1126423381 1 204 4
1 195 47 67 181 67 48 2 134 2 0 172 1 3274654645 1127219846 0 1 2
0 66 172 7 125 195 51 96 62 1 1 8 9 1118570365 3274924094 1 0 9
0 65 71 143 48 194 133 156 202 0 1 235 5 1095208752 3263536330 1 204 6
0 194 177 241 150 193 191 86 245 2 0 199 5 3266441622 3250542325 0 0 5
1 67 29 95 146 195 37 93 159 0 0 163 4294967295 1125998482 3274005919 0 1 0
0 194 135 22 78 195 45 87 177 1 0 166 7 3263632974 3274528689 1 0 7
0 66 190 172 213 66 134 231 11 1 0 60 8 1119792341 1116137227 1 0 8
0 195 26 196 189 67 39 143 236 1 1 141 9 3273311421 1126666220 1 204 10
1 66 115 181 164 195 23 251 10 2 0 239 7 1114879396 3273128714 0 1 8
0 193 164 107 132 67 37 50 106 1 2 92 2 3248778116 1126511210 1 204 3
0 67 22 103 73 66 198 105 27 0 1 142 9 1125541705 1120299291 1 204 10
0 194 38 165 37 195 44 16 255 2 0 209 3 3257312549 3274445055 0 204 4
1 67 49 132 66 66 207 67 177 1 0 136 4294967295 1127318594 1120879537 1 1 0
1 194 235 218 238 194 10 255 251 1 2 116 5 3270236910 3255500795 1 1 6
0 194 188 74 30 195 10 18 72 1 2 16 1 3267119646 3272217160 1 0 1
0 66 226 190 242 67 10 213 56 0 1 83 8 1122156274 1124783416 1 204 9
1 66 190 235 31 195 8 199 172 0 0 72 1 1119808287 3272132524 0 1 2
0 67 3 202 76 66 218 100 224 1 1 190 0 1124321868 1121608928 1 0 0
0 193 97 190 100 194 63 194 170 1 1 119 7 3244408420 3258958506 1 204 8
0 67 12 42 217 65 145 6 239 2 0 29 2 1124870873 1100023535 0 204 3
1 67 42 241 64 193 151 160 241 1 0 6 4294967295 1126887744 3247939825 1 1 0
0 194 172 160 206 194 172 88 105 1 0 102 4 3266093262 3266074729 1 204 5
0 194 184 73 143 194 212 107 205 1 1 34 0 3266857359 3268701133 1 0 0
0 67 15 120 74 66 210 28 44 2 2 91 10 1125087306 1121066028 0 204 11
1 65 245 94 1 64 163 179 164 0 2 74 7 1106599425 1084470180 0 1 8
0 194 171 52 109 65 66 252 215 1 1 101 10 3265999981 1094909143 1 204 11
0 65 199 7 239 195 16 229 54 2 1 106 0 1103562735 3272664374 1 204 1
0 66 151 138 57 67 9 66 187 2 0 236 2 1117227577 1124680379 0 204 3
1 194 79 173 114 194 130 116 183 0 1 160 4294967295 3260001650 3263329463 1 1 0
1 194 181 174 192 194 154 134 109 2 0 54 9 3266686656 3264906861 0 1 10
0 194 78 233 79 66 35 94 165 0 1 177 8 3259951439 1109614245 1 0 8
0 195 48 9 189 66 208 150 32 2 2 134 4 3274705341 1120966176 0 204 5
1 194 78 222 74 194 81 80 138 0 0 179 2 3259948618 3260108938 0 1 3
0 194 25 241 147 65 108 7 94 1 1 116 2 3256480147 1097598814 1 204 3
0 67 44 191 43 66 207 18 135 0 1 182 4 1127005995 1120866951 1 204 5
0 66 203 47 81 193 34 255 112 2 0 225 4 1120612177 3240296304 0 0 4
1 194 122 3 63 194 17 197 11 0 1 109 4294967295 3262776127 3255944459 1 1 0
0 67 43 56 219 66 237 151 191 1 1 66 9 1126906075 1122867135 1 204 10
0 67 14 116 183 194 6 25 79 1 2 175 9 1125020855 3255179599 1 0 9
0 194 232 250 89 66 229 244 30 2 0 57 1 3270048345 1122366494 0 204 2
1 195 17 158 255 66 221 45 251 2 2 188 0 3272711935 1121791483 0 1 1
0 195 0 108 78 195 16 15 4 1 0 175 6 3271584846 3272609540 1 204 7
0 66 132 146 97 66 170 103 100 0 1 97 0 1115984481 1118463844 1 204 1
0 194 211 37 184 66 251 170 124 2 0 214 3 3268617656 1123789436 0 204 4
1 195 3 169 6 67 15 249 86 2 2 205 4294967295 3271796998 1125120342 0 1 0
0 66 209 41 233 66 135 14 186 0 1 183 9 1121004009 1116147386 1 0 9
0 66 165 36 26 194 108 88 99 1 1 16 2 1118118938 3261880419 1 0 2
0 194 45 33 144 66 197 143 111 1 1 203 7 3257737616 1120243567 1 204 8
1 193 35 136 15 195 1 219 152 0 2 180 9 3240331279 3271678872 0 1 10
0 66 254 5 206 193 144 139 96 1 1 46 8 1123943886 3247475552 1 204 9
0 194 75 29 67 193 221 204 184 2 1 185 10 3259702595 3252538552 1 204 11
0 67 50 139 249 67 21 235 17 2 0 186 7 1127386105 1125509905 0 204 8
1 193 201 225 85 193 85 20 146 1 0 125 4294967295 3251233109 3243578514 1 1 0
1 194 186 74 8 194 247 207 83 0 2 117 4 3266988552 3271020371 0 1 5
0 194 46 32 16 66 235 202 123 1 2 149 9 3257802768 1122749051 1 0 9
0 194 228 215 72 194 132 141 17 0 2 11 3 3269777224 3263466769 0 204 4
1 66 152 185 93 66 166 97 93 2 2 154 8 1117305181 1118200157 0 1 9
0 65 92 93 200 66 232 240 57 1 0 87 7 1096572360 1122562105 1 204 8
0 65 3 68 206 67 48 16 89 2 1 52 10 1090733262 1127223385 1 204 11
0 66 158 136 106 67 28 214 234 2 0 244 8 1117685866 1125963498 0 204 9
1 66 128 169 87 194 133 116 153 1 2 172 4294967295 1115728215 3263526041 1 1 0
1 66 72 54 18 194 4 157 197 1 1 225 6 1112028690 3255082437 1 1 7
0 194 186 74 147 194 0 230 98 0 2 101 10 3266988691 3254838882 0 0 10
0 66 156 132 246 65 210 168 142 2 1 165 5 1117553910 1104324750 1 204 6
1 65 140 39 37 67 51 125 65 2 2 146 4 1099704101 1127447873 0 1 5
0 195 24 237 45 66 227 220 97 1 0 88 2 3273190701 1122229345 1 0 2
0 65 104 244 33 195 51 114 196 1 1 236 7 1097397281 3274928836 1 0 7
0 67 28 85 247 66 27 54 205 2 0 125 2 1125930487 1109079757 0 204 3
1 66 152 221 179 194 140 153 44 2 2 253 4294967295 1117314483 3263994156 0 1 0
0 195 28 210 14 194 207 56 108 0 0 244 7 3273445902 3268360300 0 0 7
0 65 156 111 80 65 130 126 67 2 1 35 2 1100771152 1099071043 1 0 2
0 67 8 64 238 193 239 123 147 2 2 60 7 1124614382 3253697427 0 204 8
1 194 138 76 206 64 238 29 55 2 0 234 3 3263843534 1089346871 0 1 4
0 65 199 26 70 194 200 95 236 1 1 64 7 1103567430 3267911660 1 204 8
0 66 3 195 22 67 30 157 114 2 1 145 5 1107542806 1126079858 1 0 5
0 65 144 243 191 193 153 106 172 2 0 246 1 1100018623 3248057004 0 204 2
1 194 52 246 216 194 253 109 135 2 0 121 4294967295 3258250968 3271388551 0 1 0
0 194 200 15 62 195 28 132 244 0 1 45 6 3267891006 3273426164 1 204 7
0 67 34 7 237 194 133 28 96 1 0 29 4 1126303725 3263503456 1 0 4
0 192 204 151 50 194 148 138 39 2 2 190 8 3234633522 3264514599 0 204 9
1 194 155 190 170 194 138 62 222 2 2 190 3 3264986794 3263839966 0 1 4
0 66 47 231 3 67 6 194 56 1 2 159 4 1110435587 1124516408 1 204 5
0 194 138 38 241 194 255 147 50 0 1 115 6 3263833841 3271529266 1 204 7
0 195 3 5 207 195 46 95 128 2 0 203 2 3271755215 3274596224 0 204 3
1 194 86 141 98 66 157 217 188 0 2 125 4294967295 3260452194 1117641148 0 1 0
0 66 173 82 135 194 10 19 71 0 1 239 1 1118655111 3255440199 1 0 1
0 195 43 6 160 194 30 213 79 2 1 155 5 3274376864 3256800591 1 0 5
0 66 207 105 189 194 109 65 35 0 2 205 5 1120889277 3261940003 0 204 6
1 66 245 189 72 67 7 32 11 0 2 179 1 1123401032 1124540427 0 1 2
0 193 192 175 78 65 225 103 10 1 2 34 4 3250630478 1105291018 1 204 5
0 195 1 110 160 67 42 52 112 2 1 229 6 3271650976 1126839408 1 204 7
0 193 128 231 155 66 239 28 53 2 0 166 5 3246450587 1122966581 0 204 6
1 194 238 147 37 194 206 180 246 2 2 77 4294967295 3270415141 3268326646 0 1 0
0 65 130 227 173 193 135 110 135 2 0 146 4 1099097005 3246878343 0 0 4
0 193 124 241 251 66 82 233 218 2 2 132 3 3246191099 1112730074 0 0 3
0 66 145 155 10 192 202 244 225 1 1 218 3 1116838666 3234526433 1 204 4
1 195 27 194 196 194 107 92 238 1 1 221 2 3273376452 3261816046 1 1 3
0 194 128 222 208 66 10 155 241 1 2 204 4 3263225552 1107991537 1 204 5
0 66 160 229 45 194 162 243 80 0 1 156 10 1117840685 3265459024 1 0 10
0 67 10 29 82 194 32 51 229 2 0 184 5 1124736338 3256890341 0 0 5
1 194 128 194 221 67 22 192 10 1 0 190 4294967295 3263218397 1125564426 1 1 0
0 194 165 35 115 194 232 66 67 2 0 46 1 3265602419 3270001219 0 0 1
0 193 245 99 152 194 167 241 91 0 2 104 6 3254084504 3265786203 0 0 6
0 195 26 48 2 195 13 155 68 2 2 195 7 3273273346 3272448836 0 204 8
1 66 198 16 87 193 193 186 157 1 2 75 6 1120276567 3250698909 1 1 7
0 194 145 153 68 66 26 95 107 1 2 57 4 3264321860 1109024619 1 204 5
0 66 64 67 191 66 146 41 238 1 1 128 5 1111507903 1116875246 1 204 6
0 66 221 125 58 193 210 97 229 2 0 177 4 1121811770 3251790309 0 0 4
1 194 191 209 201 67 28 197 149 0 1 84 4294967295 3267350985 1125959061 1 1 0
0 194 137 4 44 194 156 197 226 2 1 75 4 3263759404 3265054178 1 204 5
0 194 60 190 100 194 136 176 43 0 0 69 0 3258760804 3263737899 0 0 0
0 192 182 35 134 66 39 15 240 0 0 136 10 3233162118 1109856240 0 204 11
1 194 107 120 8 66 25 104 133 0 2 6 7 3261822984 1108961413 0 1 8
0 195 19 180 181 66 192 117 182 1 2 9 5 3272848565 1119909302 1 204 6
0 193 228 40 70 194 221 252 88 1 1 100 7 3252955206 3269327960 1 204 8
0 67 51 187 118 66 237 138 213 2 0 234 8 1127463798 1122863829 0 204 9
1 195 31 182 249 67 3 238 217 1 0 21 4294967295 3273635577 1124331225 1 1 0
0 194 95 109 128 194 131 246 162 0 1 6 7 3261033856 3263428258 1 204 8
0 66 188 169 99 194 24 163 172 1 2 54 5 1119660387 3256394668 1 0 5
0 66 74 230 127 66 52 34 194 2 2 152 1 1112204927 1110713026 0 204 2
1 194 254 44 11 65 214 228 186 2 0 247 6 3271437323 1104602298 0 1 7
0 191 219 40 210 193 154 88 198 1 2 247 10 3218811090 3248117958 1 204 11
0 194 15 239 172 194 229 69 142 2 1 90 9 3255824300 3269805454 1 204 10
0 195 15 53 84 194 174 202 209 2 0 106 3 3272553812 3266235089 0 204 4
1 194 237 127 154 67 47 35 145 2 2 217 4294967295 3270344602 1127162769 0 1 0
0 194 58 167 98 65 66 12 137 1 1 24 2 3258623842 1094847625 1 204 3
0 66 112 97 197 194 177 80 112 0 2 13 9 1114661317 3266400368 0 0 9
0 67 18 121 246 194 168 254 121 2 0 168 5 1125284342 3265855097 0 204 6
1 66 2 171 229 66 119 250 88 2 0 225 10 1107471333 1115159128 0 1 11
0 66 172 73 22 194 193 42 168 1 0 1 8 1118587158 3267439272 1 204 9
0 65 210 182 107 67 11 51 194 2 1 32 1 1104328299 1124807618 1 204 2
0 195 27 182 102 67 7 100 52 2 0 223 2 3273373286 1124557876 0 204 3
1 193 188 19 151 193 228 151 164 2 2 11 4294967295 3250328471 3252983716 0 1 0
0 194 240 67 174 66 184 8 13 1 2 181 2 3270525870 1119356941 1 0 2
0 195 29 156 208 66 8 114 140 2 2 152 8 3273497808 1107849868 0 0 8
0 66 228 191 147 194 173 122 178 1 1 22 2 1122287507 3266149042 1 204 3
1 65 176 57 240 67 12 77 197 1 0 246 8 1102068208 1124879813 1 1 9
0 66 7 178 80 67 7 86 87 1 1 70 9 1107800656 1124554327 1 204 10
0 67 39 118 125 66 70 208 54 2 1 239 5 1126659709 1111937078 1 204 6
0 66 156 107 64 67 33 134 167 2 0 26 4 1117547328 1126270631 0 204 5
1 65 185 86 159 194 206 232 249 0 1 12 4294967295 1102665375 3268339961 1 1 0
0 66 90 211 85 193 232 231 208 1 2 39 3 1113248597 3253266384 1 0 3
0 66 164 58 70 66 177 223 113 2 1 172 9 1118059078 1118953329 1 0 9
0 66 133 205 33 194 137 220 87 1 0 133 9 1116065057 3263814743 1 204 10
1 194 162 95 73 67 6 53 139 1 0 22 9 3265421129 1124480395 1 1 10
0 67 36 208 115 67 48 107 97 1 1 234 10 1126486131 1127246689 1 204 11
0 194 195 85 190 195 49 12 100 1 1 209 7 3267581374 3274771556 1 204 8
0 67 42 63 228 67 38 255 185 2 0 49 2 1126842340 1126629305 0 204 3
1 195 46 163 109 195 27 123 79 2 2 47 4294967295 3274613613 3273358159 0 1 0
0 193 8 24 166 66 228 74 207 0 1 199 2 3238533286 1122257615 1 0 2
0 67 17 131 69 66 69 120 39 1 2 69 0 1125221189 1111848999 1 0 0
0 195 10 27 249 66 153 168 207 0 0 82 2 3272219641 1117366479 0 204 3
1 194 204 211 235 66 177 164 54 2 0 27 10 3268203499 1118938166 0 1 11
0 195 12 83 65 195 34 248 212 1 0 96 9 3272364865 3273849044 1 204 10
0 194 173 242 62 66 199 39 17 1 1 225 9 3266179646 1120347921 1 204 10
0 66 28 50 209 194 191 224 6 2 0 203 3 1109144273 3267354630 0 204 4
1 194 72 210 33 65 183 168 235 2 0 54 4294967295 3259552289 1102555371 0 1 0
0 66 202 103 36 66 72 24 138 0 1 154 6 1120560932 1112021130 1 204 7
0 195 12 14 58 66 57 239 12 0 0 141 5 3272347194 1111093004 0 0 5
0 194 245 152 103 194 176 152 124 0 1 95 10 3270875239 3266353276 1 204 11
1 194 55 174 194 64 146 160 151 2 1 117 8 3258429122 1083351191 1 1 9
0 195 13 100 141 194 141 2 160 1 0 180 8 3272434829 3264021152 1 204 9
0 66 198 133 149 194 235 76 85 0 1 113 6 1120306581 3270200405 1 0 6
0 66 34 79 86 67 44 119 91 2 0 228 4 1109544790 1126987611 0 204 5
1 67 22 223 154 66 239 23 126 2 1 165 4294967295 1125572506 1122965374 1 1 0
0 195 40 62 63 193 221 168 194 2 0 218 1 3274194495 3252529346 0 204 2
0 66 208 62 152 194 200 243 175 1 2 23 4 1120943768 3267949487 1 0 4
0 194 109 86 154 194 233 151 122 0 0 215 4 3261945498 3270088570 0 204 5
1 194 148 208 117 194 171 191 64 2 2 11 0 3264532597 3266035520 0 1 1
0 66 169 198 1 66 179 236 250 1 2 42 9 1118422529 1119087866 1 204 10
0 66 182 102 236 67 24 193 67 1 1 171 1 1119250156 1125695811 1 0 1
0 194 109 22 221 195 34 180 252 2 0 98 3 3261929181 3273831676 0 204 4
1 194 159 212 182 191 241 99 173 0 2 173 4294967295 3265254582 3220267949 0 1 0
0 66 50 233 236 194 190 36 3 2 2 244 8 1110632940 3267240963 0 0 8
0 194 65 15 107 194 98 147 88 2 0 142 5 3259043691 3261240152 0 0 5
0 67 42 138 123 67 19 199 177 2 2 69 8 1126861435 1125369777 0 204 9
1 195 30 174 122 194 73 19 218 2 2 0 0 3273567866 3259569114 0 1 1
0 67 34 56 0 66 252 35 166 1 2 168 6 1126316032 1123820454 1 204 7
0 193 75 38 80 195 40 165 43 2 1 63 10 3242927696 3274220843 1 204 11
0 194 106 126 129 66 254 207 228 2 0 34 9 3261759105 1123995620 0 204 10
1 66 196 135 197 66 251 216 246 2 1 192 4294967295 1120176069 1123801334 1 1 0
0 194 225 243 248 194 191 69 235 0 2 65 5 3269587960 3267315179 0 0 5
0 194 99 32 116 193 127 142 117 0 1 253 2 3261276276 3246362229 1 0 2
0 195 41 124 66 66 212 214 46 2 1 200 9 3274275906 1121244718 1 204 10
1 195 7 172 96 194 132 240 202 2 1 217 3 3272060000 3263492298 1 1 4
0 194 169 72 65 194 168 127 206 1 0 173 6 3265873985 3265822670 1 204 7
0 195 13 150 152 67 45 81 11 1 1 199 6 3272447640 1127043339 1 204 7
0 194 240 37 66 66 89 132 79 2 0 182 9 3270518082 1113162831 0 204 10
1 67 43 76 80 192 179 17 178 0 2 53 4294967295 1126911056 3232960946 0 1 0
1 194 186 20 59 66 169 65 1 1 1 76 10 3266974779 1118388481 1 1 11
0 65 27 212 190 66 90 49 46 1 1 235 1 1092342974 1113207086 1 0 1
0 66 228 94 182 195 31 145 2 2 0 55 4 1122262710 3273625858 0 204 5
1 193 243 177 214 64 79 173 19 1 2 151 10 3253973462 1078963475 1 1 11
0 195 1 155 101 194 81 250 177 1 1 131 2 3271662437 3260152497 1 204 3
0 67 12 191 177 194 221 71 87 1 1 210 2 1124908977 3269281623 1 204 3
0 193 219 102 224 193 225 240 131 2 0 249 9 3252381408 3252809859 0 0 9
1 64 143 239 103 65 128 58 245 1 2 24 4294967295 1083174759 1098922741 1 1 0
0 66 112 237 164 66 254 113 73 0 0 61 1 1114697124 1123971401 0 0 1
0 66 244 252 36 65 22 47 79 2 2 47 7 1123351588 1091972943 0 0 7
0 194 202 83 72 194 253 103 242 2 0 234 1 3268039496 3271387122 0 204 2
1 66 93 153 117 67 44 214 186 2 0 174 6 1113430389 1127012026 0 1 7
0 67 46 119 103 195 15 62 113 1 0 102 7 1127118695 3272556145 1 204 8
0 66 235 60 17 194 199 3 8 2 1 18 1 1122712593 3267822344 1 204 2
0 194 120 227 203 195 35 107 140 2 0 198 7 3262702539 3273878412 0 204 8
1 65 142 217 250 194 194 221 189 0 2 194 4294967295 1099880954 3267550653 0 1 0
0 195 22 14 230 193 73 212 251 0 0 45 0 3273002726 3242841339 0 204 1
0 66 236 17 116 194 134 137 189 0 2 67 4 1122767220 3263596989 0 0 4
0 67 39 174 120 194 210 186 44 2 2 15 9 1126674040 3268590124 0 204 10
1 194 212 12 200 195 38 19 230 0 1 77 10 3268676808 3274052582 1 1 11
0 67 18 47 53 67 2 42 123 1 0 195 1 1125265205 1124215419 1 204 2
0 192 141 35 98 194 97 188 132 0 1 54 3 3230475106 3261185156 1 0 3
0 66 62 173 178 66 234 193 115 2 0 5 3 1111403954 1122681203 0 204 4
1 67 31 229 252 194 99 60 81 2 2 249 4294967295 1126163964 3261283409 0 1 0
0 66 194 191 80 67 41 62 253 2 0 56 0 1120059216 1126776573 0 204 1
0 193 102 92 90 195 18 231 121 1 2 21 7 3244711002 3272796025 1 0 7
0 192 126 94 156 194 170 46 180 1 2 208 5 3229507228 3265932980 1 204 6
1 194 62 89 29 67 6 222 155 0 1 104 6 3258865949 1124523675 1 1 7
0 194 238 111 167 194 188 209 145 1 1 86 6 3270406055 3267154321 1 204 7
0 66 171 191 152 195 12 178 113 0 1 79 7 1118551960 3272389233 1 204 8
0 194 228 203 187 66 205 84 107 2 0 250 2 3269774267 1120752747 0 204 3
1 193 251 71 39 67 16 53 159 2 2 85 4294967295 3254470439 1125135775 0 1 0
0 194 101 182 158 66 254 28 209 2 1 81 5 3261445790 1123949777 1 204 6
0 66 107 81 181 194 145 45 152 0 2 205 8 1114329525 3264294296 0 0 8
0 65 204 148 220 195 14 11 34 0 2 86 8 1103926492 3272477474 0 204 9
1 66 161 237 29 66 77 158 249 1 0 20 8 1117908253 1112383225 1 1 9
0 67 28 113 39 194 107 153 137 1 1 170 9 1125937447 3261831561 1 204 10
0 194 239 173 199 195 1 195 158 0 1 75 8 3270487495 3271672734 1 0 8
0 193 248 139 250 63 16 242 92 2 0 63 7 3254291450 1058075228 0 204 8
1 195 33 3 71 64 211 137 231 0 1 248 4294967295 3273720647 1087605223 1 1 0
0 194 186 249 158 195 21 224 139 1 0 236 1 3267033502 3272990859 1 204 2
0 67 19 124 207 65 43 4 241 0 1 3 10 1125350607 1093338353 1 0 10
0 195 34 133 222 66 133 116 188 1 2 67 8 3273819614 1116042428 1 204 9
1 194 168 91 97 195 38 132 9 0 1 157 3 3265813345 3274081289 1 1 4
0 193 157 148 173 194 245 13 176 1 1 150 7 3248329901 3270839728 1 204 8
0 193 246 81 255 193 158 15 198 1 1 133 3 3254145535 3248361414 1 204 4
0 66 58 116 167 195 42 73 255 2 0 206 10 1111127207 3274328575 0 0 10
1 194 46 176 58 194 193 6 171 0 1 190 4294967295 3257839674 3267430059 1 1 0
0 66 255 152 190 195 27 15 105 1 0 238 3 1124047038 3273330537 1 0 3
0 195 5 198 137 194 124 13 27 1 0 126 0 3271935625 3262909723 1 0 0
0 193 178 203 187 194 129 40 113 2 2 218 10 3249720251 3263244401 0 204 11
1 195 8 177 168 66 248 131 144 1 1 115 7 3272126888 1123582864 1 1 8
0 67 23 5 37 194 171 33 234 1 0 104 1 1125582117 3265995242 1 204 2
0 64 41 227 208 66 143 237 255 0 1 219 9 1076487120 1116728831 1 204 10
0 66 179 142 240 194 166 124 228 2 0 168 0 1119063792 3265690852 0 204 1
1 66 215 15 254 195 22 87 222 2 1 55 4294967295 1121390590 3273021406 1 1 0
0 66 229 149 67 194 9 88 51 1 1 234 8 1122342211 3255392307 1 204 9
0 66 28 139 226 194 61 223 7 0 1 177 8 1109167074 3258834695 1 0 8
0 66 164 158 45 193 232 88 80 2 2 79 7 1118084653 3253229648 0 204 8
1 66 51 159 205 65 128 62 13 2 1 31 2 1110679501 1098923533 1 1 3
0 66 134 170 180 194 37 184 77 1 2 21 7 1116121780 3257251917 1 0 7
0 65 145 159 81 194 151 8 130 1 1 133 0 1100062545 3264678018 1 204 1
0 66 218 36 162 66 251 9 16 2 0 48 9 1121592482 1123748112 0 204 10
1 65 167 183 210 66 233 51 183 0 1 189 4294967295 1101510610 1122579383 1 1 0
0 66 161 195 171 66 89 250 99 2 2 220 2 1117897643 1113193059 0 204 3
0 66 140 129 39 66 222 217 79 2 0 192 5 1116504359 1121900879 0 0 5
0 194 237 216 225 194 165 109 56 2 0 119 4 3270367457 3265621304 0 204 5
1 67 16 26 64 66 40 67 225 2 0 61 2 1125128768 1109935073 0 1 3
0 194 241 2 47 66 135 90 40 1 0 203 6 3270574639 1116166696 1 204 7
0 67 44 84 12 66 72 111 124 0 1 70 6 1126978572 1112043388 1 204 7
0 193 223 120 111 67 17 149 98 2 0 211 6 3252648047 1125225826 0 204 7
1 194 153 32 201 195 36 115 218 0 2 122 4294967295 3264815305 3273946074 0 1 0
0 193 187 53 103 193 46 71 80 1 0 159 10 3250271591 3241035600 1 0 10
0 66 135 173 238 66 43 222 71 2 1 249 1 1116188142 1110171207 1 0 1
0 66 165 66 103 195 14 155 247 2 2 147 2 1118126695 3272514551 0 204 3
1 194 252 165 67 65 203 84 43 2 1 132 10 3271337283 1103844395 1 1 11
0 66 47 221 170 66 83 106 180 1 0 68 8 1110433194 1112763060 1 204 9
0 67 10 153 72 67 41 158 23 1 1 21 0 1124768072 1126800919 1 204 1
0 67 29 188 201 195 21 147 44 2 0 216 2 1126022345 3272971052 0 204 3
1 65 142 223 45 67 14 63 69 1 2 179 4294967295 1099882285 1125007173 1 1 0
0 195 5 189 144 66 124 230 102 2 1 8 2 3271933328 1115481702 1 204 3
0 192 148 169 50 194 150 231 217 1 0 72 6 3230968114 3264669657 1 0 6
0 194 198 161 143 67 15 123 26 2 1 163 7 3267797391 1125088026 1 204 8
1 67 37 47 167 67 47 218 125 1 2 10 2 1126510503 1127209597 1 1 3
0 194 210 185 138 194 118 61 179 1 1 0 10 3268589962 3262528947 1 204 11
0 193 229 157 208 194 130 156 107 0 1 203 1 3253050832 3263339627 1 204 2
0 66 111 230 163 194 234 31 170 2 0 175 4 1114629795 3270123434 0 204 5
1 66 198 72 180 194 46 219 88 1 0 208 4294967295 1120290996 3257850712 1 1 0
0 66 245 164 195 66 213 78 0 1 1 174 2 1123394755 1121275392 1 204 3
0 66 196 81 223 193 147 105 169 0 2 158 9 1120162271 3247663529 0 0 9
0 67 7 110 74 66 137 104 7 1 1 63 2 1124560458 1116301319 1 204 3
1 193 165 232 225 67 43 47 188 2 1 139 10 3248875745 1126903740 1 1 11
0 66 24 180 22 193 215 41 147 1 1 102 1 1108915222 3252103571 1 204 2
0 65 25 234 190 194 162 142 221 1 1 211 7 1092217534 3265433309 1 0 7
0 67 27 246 165 67 19 239 212 2 0 192 4 1125906085 1125380052 0 204 5
1 66 203 162 98 66 195 37 139 1 1 50 4294967295 1120641634 1120085387 1 1 0
0 66 196 174 3 193 230 218 127 0 1 189 3 1120185859 3253131903 1 204 4
0 66 201 237 216 194 137 231 250 2 2 0 0 1120529880 3263817722 0 0 0
0 66 68 216 45 67 40 150 205 2 2 94 6 1111808045 1126733517 0 204 7
1 67 42 196 222 193 45 173 54 2 2 228 4 1126876382 3240996150 0 1 5
0 66 104 63 242 192 251 185 50 1 1 131 9 1114128370 3237722418 1 0 9
0 66 217 154 167 66 28 176 27 0 1 134 4 1121557159 1109176347 1 0 4
0 66 47 246 113 193 252 218 99 2 0 212 6 1110439537 3254573667 0 0 6
1 194 245 133 55 66 170 138 77 2 0 107 4294967295 3270870327 1118472781 0 1 0
1 67 3 152 132 67 26 137 185 0 2 164 6 1124309124 1125812665 0 1 7
0 66 43 103 43 194 18 195 16 0 0 166 0 1110140715 3256009488 0 0 0
0 67 33 164 50 67 27 23 139 0 1 148 2 1126278194 1125848971 1 204 3
1 66 91 64 181 195 21 89 90 0 1 250 9 1113276597 3272956250 1 1 10
0 67 47 236 64 194 115 41 224 1 1 221 2 1127214144 3262327264 1 204 3
0 194 14 143 112 194 227 20 200 1 1 118 0 3255734128 3269661896 1 204 1
0 66 66 218 120 192 57 189 193 2 0 217 6 1111677560 3225009601 0 204 7
1 194 79 148 110 194 203 28 242 0 0 174 4294967295 3259995246 3268091122 0 1 0
0 194 158 216 132 194 135 78 239 1 2 153 5 3265190020 3263647471 1 204 6
0 66 162 159 243 65 150 61 21 2 1 162 9 1117954035 1100365077 1 0 9
0 194 255 241 113 66 101 138 131 2 1 219 7 3271553393 1113950851 1 204 8
1 194 22 20 81 195 35 196 181 1 2 175 3 3256226897 3273901237 1 1 4
0 194 242 187 98 194 214 200 183 1 1 102 5 3270687586 3268855991 1 204 6
0 193 157 93 152 66 220 248 26 1 1 221 8 3248315800 1121777690 1 204 9
0 67 5 233 104 65 235 38 191 2 0 18 2 1124460904 1105929919 0 204 3
1 66 232 24 35 66 197 172 116 2 1 67 4294967295 1122506787 1120250996 1 1 0
0 65 203 170 119 66 8 152 229 0 0 244 10 1103866487 1107859685 0 0 10
0 66 181 203 29 194 253 177 131 2 1 213 6 1119210269 3271405955 1 0 6
0 193 242 216 21 195 14 79 11 2 1 207 7 3253917717 3272494859 1 204 8
1 194 26 115 235 195 30 10 30 0 2 73 9 3256513515 3273525790 0 1 10
0 66 242 107 225 67 33 108 75 1 1 149 2 1123183585 1126263883 1 204 3
0 65 213 219 251 194 171 77 186 2 1 99 8 1104534523 3266006458 1 0 8
0 194 112 238 103 67 11 43 206 2 0 208 9 3262180967 1124805582 0 0 9
1 194 222 0 182 194 231 109 144 1 0 253 4294967295 3269329078 3269946768 1 1 0
1 194 188 7 243 67 40 253 50 1 1 20 3 3267102707 1126759730 1 1 4
0 67 45 36 94 194 247 38 250 1 1 205 2 1127031902 3270977274 1 0 2
0 66 184 21 134 194 120 251 32 2 1 238 0 1119360390 3262708512 1 204 1
1 194 15 115 231 65 219 127 134 0 2 158 4 3255792615 1104904070 0 1 5
0 67 43 68 164 195 47 138 85 1 1 109 1 1126909092 3274672725 1 204 2
0 67 6 8 56 194 10 191 84 2 1 106 10 1124468792 3255484244 1 204 11
0 194 197 46 102 66 133 66 215 2 0 253 5 3267702374 1116029655 0 0 5
1 194 78 225 108 66 38 246 106 1 1 39 4294967295 3259949420 1109849706 1 1 0
0 193 19 144 127 65 151 172 107 2 2 244 9 3239284863 1100459115 0 204 10
0 66 208 54 26 67 23 188 230 1 1 96 7 1120941594 1125629158 1 0 7
0 193 219 12 200 194 125 32 213 2 0 163 6 3252358344 3262980309 0 204 7
1 195 19 154 237 193 28 8 193 1 0 115 1 3272841965 3239839937 1 1 2
0 195 50 21 198 67 13 238 114 1 2 24 2 3274839494 1124986482 1 204 3
0 66 141 141 67 194 192 103 134 2 1 162 9 1116572995 3267389318 1 204 10
0 193 163 171 69 194 190 96 225 2 0 145 9 3248728901 3267256545 0 204 10
1 194 203 206 121 194 6 62 175 2 1 131 4294967295 3268136569 3255189167 1 1 0
0 195 45 148 126 66 22 223 15 0 2 74 8 3274544254 1108795151 0 0 8
0 67 32 31 54 194 19 138 72 0 2 97 2 1126178614 3256060488 0 0 2
0 67 42 149 133 194 186 207 187 2 0 144 8 1126864261 3267022779 0 204 9
1 66 32 198 77 66 248 130 18 2 0 178 10 1109444173 1123582482 0 1 11
0 194 230 92 153 194 204 62 253 1 0 11 3 3269876889 3268165373 1 204 4
0 66 182 216 183 66 191 3 0 1 1 60 3 1119279287 1119814400 1 204 4
0 194 166 233 163 67 32 247 139 2 0 218 9 3265718691 1126233995 0 204 10
1 66 80 101 218 195 19 0 2 2 0 129 4294967295 1112565210 3272802306 0 1 0
0 195 51 144 244 66 84 36 239 2 2 39 1 3274936564 1112810735 0 0 1
0 66 111 133 206 67 5 159 84 2 1 66 2 1114605006 1124441940 1 0 2
0 193 142 246 70 67 37 43 184 1 0 216 5 3247371846 1126509496 1 204 6
1 193 242 198 214 67 15 251 182 1 2 85 10 3253913302 1125120950 1 1 11
0 195 43 171 44 193 90 248 4 1 0 88 10 3274418988 3243964420 1 204 11
0 195 4 212 35 195 47 11 154 2 1 89 1 3271873571 3274640282 1 204 2
0 194 158 85 65 66 181 237 246 2 0 210 8 3265156417 1119219190 0 0 8
1 66 53 246 245 194 247 146 114 0 0 31 4294967295 1110832885 3271004786 0 1 0
0 194 6 252 181 66 1 129 204 0 1 30 2 3255237813 1107395020 1 204 3
0 66 232 6 39 66 94 48 33 2 2 76 8 1122502183 1113468961 0 0 8
0 66 56 85 219 194 245 164 203 2 0 183 4 1110988251 3270878411 0 204 5
1 195 10 43 75 195 19 106 97 1 2 180 5 3272223563 3272829537 1 1 6
0 66 48 207 152 195 47 211 13 1 1 173 5 1110495128 3274691341 1 0 5
0 67 35 97 219 66 135 94 191 1 1 137 1 1126392283 1116167871 1 204 2
0 66 210 53 100 195 27 212 149 2 0 211 2 1121072484 3273381013 0 204 3
1 66 167 182 239 66 173 20 177 0 2 68 4294967295 1118287599 1118639281 0 1 0
0 194 190 147 148 194 134 93 249 0 2 77 6 3267269524 3263585785 0 204 7
0 194 204 90 134 66 137 152 129 0 0 82 3 3268172422 1116313729 0 0 3
0 66 206 109 23 195 47 198 96 0 1 23 4 1120824599 3274688096 1 204 5
1 65 43 124 71 66 229 139 15 2 2 244 8 1093368903 1122339599 0 1 9
0 66 147 34 87 66 155 121 242 1 1 38 8 1116938839 1117485554 1 204 9
0 195 51 120 9 67 22 246 195 2 1 141 1 3274930185 1125578435 1 204 2
0 67 8 91 189 194 205 79 124 2 0 191 5 1124621245 3268235132 0 0 5
1 195 24 8 17 194 162 238 175 2 2 100 4294967295 3273132049 3265457839 0 1 0
0 194 135 45 68 195 37 45 180 1 0 132 3 3263638852 3273993652 1 0 3
0 194 34 48 44 194 18 70 145 1 2 238 2 3257020460 3255977617 1 0 2
0 66 45 23 230 194 45 161 203 0 2 140 1 1110251494 3257770443 0 204 2
1 194 198 133 40 194 82 159 144 1 1 122 4 3267790120 3260194704 1 1 5
0 66 98 227 123 194 161 77 64 1 2 244 1 1113777019 3265350976 1 204 2
0 67 50 40 33 194 78 178 119 0 1 32 3 1127360545 3259937399 1 204 4
0 195 33 40 67 193 222 88 21 2 0 252 5 3273730115 3252574229 0 204 6
1 66 158 211 244 195 15 123 26 2 1 96 4294967295 1117705204 3272571674 1 1 0
1 65 236 76 181 194 141 120 242 0 1 114 9 1106005173 3264051442 1 1 10
0 195 36 17 209 194 181 219 204 0 1 232 2 3273920977 3266698188 1 0 2
0 194 126 197 33 195 38 177 95 0 2 16 0 3263087905 3274092895 0 204 1
1 66 239 96 128 194 178 148 215 0 1 241 8 1122984064 3266483415 1 1 9
0 195 15 180 179 67 47 158 120 1 0 193 2 3272586419 1127194232 1 204 3
0 194 139 98 236 67 19 65 149 2 1 201 6 3263914732 1125335445 1 204 7
0 195 7 154 194 194 19 231 121 2 0 28 3 3272055490 3256084345 0 204 4
1 195 31 136 175 66 214 193 93 2 0 81 4294967295 3273623727 1121370461 0 1 0
1 66 101 70 148 195 18 13 116 2 0 217 5 1113933460 3272740212 0 1 6
0 67 0 104 65 67 18 174 196 1 0 180 1 1124100161 1125297860 1 0 1
0 195 21 147 199 195 46 73 222 2 0 235 6 3272971207 3274590686 0 204 7
1 193 144 87 41 194 175 16 41 2 2 127 5 3247462185 3266252841 0 1 6
0 64 64 11 181 66 152 246 153 1 1 157 8 1077939125 1117320857 1 204 9
0 193 66 213 79 194 218 239 209 1 1 40 2 3242382671 3269128145 1 204 3
0 66 205 65 73 193 218 148 205 2 0 153 6 1120747849 3252327629 0 204 7
1 193 159 169 18 194 79 169 132 1 0 138 4294967295 3248466194 3260000644 1 1 0
0 66 66 64 28 67 8 14 33 1 0 38 3 1111638044 1124601377 1 204 4
0 65 181 133 134 67 45 105 207 0 2 171 3 1102415238 1127049679 0 0 3
0 193 185 179 131 194 205 41 81 0 1 187 7 3250172803 3268225361 1 204 8
1 66 42 222 27 64 80 157 42 0 2 194 4 1110105627 1079024938 0 1 5
0 195 11 223 3 194 217 127 172 1 1 119 0 3272335107 3269033900 1 204 1
0 66 167 30 227 194 232 18 133 0 1 126 3 1118248675 3269988997 1 204 4
0 194 51 94 76 67 34 78 80 2 0 71 7 3258146380 1126321744 0 204 8
1 193 54 70 71 66 109 11 55 0 2 119 4294967295 3241559623 1114442551 0 1 0
0 66 224 116 27 66 177 50 55 2 2 17 2 1122006043 1118908983 0 0 2
0 65 44 95 128 194 174 96 31 2 0 61 1 1093427072 3266207775 0 0 1
0 67 10 63 67 66 244 245 25 2 2 24 1 1124745027 1123349785 0 204 2
1 66 175 82 85 67 38 227 135 0 1 108 1 1118786133 1126622087 1 1 2
0 194 40 156 173 194 253 185 134 1 2 9 4 3257441453 3271408006 1 204 5
0 194 164 179 230 67 19 123 69 0 1 14 0 3265573862 1125350213 1 204 1
0 65 133 53 17 194 254 7 224 2 0 182 6 1099248913 3271428064 0 204 7
1 67 47 109 194 66 2 171 143 0 1 32 4294967295 1127181762 1107471247 1 1 0
1 66 136 12 11 194 169 198 141 0 1 91 7 1116212235 3265906317 1 1 8
0 67 37 200 177 194 51 242 184 0 0 128 8 1126549681 3258184376 0 0 8
0 194 188 248 103 65 171 127 39 0 1 113 9 3267164263 1101758247 1 204 10
1 67 24 240 137 195 43 57 227 0 2 224 8 1125707913 3274389987 0 1 9
0 67 7 201 198 67 5 44 150 1 2 229 5 1124583878 1124412566 1 204 6
0 194 125 111 35 67 45 25 58 1 1 150 2 3263000355 1127029050 1 0 2
0 66 62 97 12 64 94 130 38 2 0 52 7 1111384332 1079935526 0 204 8
1 193 107 222 190 67 47 69 225 1 2 99 4294967295 3245072062 1127171553 1 1 0
0 61 148 161 165 194 111 66 89 1 0 5 5 1033150885 3262071385 1 204 6
0 66 180 149 161 194 119 107 210 1 1 164 2 1119131041 3262606290 1 0 2
0 67 24 103 91 195 18 157 17 0 2 115 9 1125672795 3272776977 0 204 10
1 194 103 161 15 192 185 77 202 2 1 108 5 3261571343 3233369546 1 1 6
0 195 18 31 2 66 180 243 35 1 0 3 3 3272744706 1119154979 1 0 3
0 193 136 20 39 193 131 162 57 2 1 162 1 3246920743 3246629433 1 204 2
0 67 16 193 71 194 156 35 182 2 0 146 7 1125171527 3265012662 0 204 8
1 67 25 99 40 65 132 46 115 2 1 110 4294967295 1125737256 1099181683 1 1 0
0 66 158 176 148 194 218 177 209 1 0 67 9 1117696148 3269112273 1 0 9
0 67 47 255 204 194 59 135 78 1 0 16 4 1127219148 3258681166 1 0 4
0 194 220 48 126 194 252 188 27 0 1 199 8 3269210238 3271343131 1 204 9
1 67 36 17 246 194 112 138 218 0 1 5 8 1126437366 3262155482 1 1 9
0 194 148 24 93 195 34 200 74 1 1 196 6 3264485469 3273836618 1 0 6
0 194 168 56 88 65 233 151 243 1 1 59 4 3265804376 1105827827 1 204 5
0 65 195 121 194 194 252 244 205 2 0 35 3 1103329730 3271357645 0 204 4
1 66 197 116 154 67 46 57 144 2 0 171 4294967295 1120236698 1127102864 0 1 0
0 194 38 186 225 67 17 251 220 0 0 88 1 3257318113 1125252060 0 204 2
0 66 139 230 48 66 159 102 121 0 1 164 6 1116464688 1117742713 1 0 6
0 193 131 117 109 66 219 204 188 2 2 208 5 3246617965 1121701052 0 204 6
1 65 93 165 92 66 169 153 203 2 0 177 4 1096656220 1118411211 0 1 5
0 194 238 43 84 67 45 147 46 1 0 97 9 3270388564 1127060270 1 0 9
0 195 43 78 91 66 144 116 103 1 1 214 8 3274395227 1116763239 1 204 9
0 194 167 56 163 193 179 185 32 2 0 16 10 3265738915 3249781024 0 204 11
1 67 26 228 191 66 38 79 135 0 2 64 4294967295 1125835967 1109806983 0 1 0
0 66 38 219 112 67 29 69 13 1 2 104 7 1109842800 1125991693 1 0 7
0 192 72 106 157 67 6 242 115 0 0 189 2 3225971357 1124528755 0 0 2
0 64 163 147 65 67 2 82 144 2 0 225 7 1084461889 1124225680 0 204 8
1 65 238 96 203 66 253 216 84 2 2 201 8 1106141387 1123932244 0 1 9
0 67 34 195 3 67 35 113 44 1 1 47 0 1126351619 1126396204 1 204 1
0 194 167 225 166 65 135 154 129 0 1 213 10 3265782182 1099405953 1 204 11
0 194 97 76 156 66 85 80 23 2 0 124 6 3261156508 1112887319 0 204 7
1 194 156 232 4 66 12 124 180 1 0 26 4294967295 3265062916 1108114612 1 1 0
