0 0 5 24 25 5 0 25 5 0 0 0 0 1 1
1 4 3 8 12 5 0 0 0 0 3 3 26 1 1
0 4 1 8 29 1 0 29 1 0 1 1 2 1 1
1 1 2 31 29 6 0 0 0 1 0 1 1 1 1
0 0 0 25 12 1 0 12 1 0 0 0 0 1 1
1 4 3 24 12 5 0 0 0 0 3 3 26 1 1
0 5 2 13 2 7 0 2 7 1 1 2 7 1 1
1 3 5 26 5 7 0 0 0 1 2 3 23 1 1
0 4 2 8 26 3 0 26 3 0 2 2 8 1 1
1 2 1 0 18 2 0 0 0 0 1 1 2 1 1
0 1 5 3 20 2 0 20 2 1 0 1 1 1 1
1 4 3 9 30 5 0 0 0 1 2 3 25 1 1
0 4 4 28 13 7 0 13 7 2 2 4 44 1 1
1 3 0 10 8 6 0 0 0 0 0 0 0 1 1
0 4 5 12 24 5 0 24 5 2 2 4 44 1 1
1 0 4 24 6 3 0 0 0 0 0 0 0 1 1
0 3 4 0 22 5 0 22 5 0 3 3 26 1 1
1 4 0 15 18 1 0 0 0 0 0 0 0 1 1
0 0 5 27 12 1 0 12 1 0 0 0 0 1 1
1 3 3 16 15 2 0 0 0 0 3 3 26 1 1
0 2 3 15 15 4 0 15 4 2 0 2 4 1 1
1 2 2 26 13 5 0 0 0 1 1 2 5 1 1
0 4 2 28 17 3 0 17 3 0 2 2 8 1 1
1 2 1 5 13 6 0 0 0 1 0 1 1 1 1
0 0 0 15 17 5 0 17 5 0 0 0 0 1 1
1 2 5 16 21 6 0 0 0 0 2 2 8 1 1
0 2 3 4 8 2 0 8 2 0 2 2 8 1 1
1 0 4 7 11 2 0 0 0 0 0 0 0 1 1
0 2 1 27 20 4 0 20 4 1 0 1 1 1 1
1 5 0 1 7 5 0 0 0 0 0 0 0 1 1
0 2 3 30 8 1 0 8 1 1 1 2 5 1 1
1 5 0 26 28 6 0 0 0 0 0 0 0 1 1
0 5 2 19 19 4 0 19 4 2 0 2 4 1 1
1 1 1 24 5 5 0 0 0 0 1 1 2 1 1
0 4 3 23 21 0 0 21 0 3 0 3 13 1 1
1 3 3 24 19 2 0 0 0 0 3 3 26 1 1
0 5 0 30 2 1 0 2 1 0 0 0 0 1 1
1 3 4 2 29 2 0 0 0 1 2 3 23 1 1
0 1 4 23 19 6 0 19 6 1 0 1 1 1 1
1 2 3 28 3 3 0 0 0 0 2 2 8 1 1
0 3 1 11 3 6 0 3 6 1 0 1 1 1 1
1 5 3 3 21 0 0 0 0 2 1 3 22 1 1
0 5 2 16 14 7 0 14 7 0 2 2 8 1 1
1 3 1 29 0 3 0 0 0 1 0 1 1 1 1
0 4 5 6 31 0 0 31 0 2 2 4 68 1 1
1 3 5 29 21 0 0 0 0 2 1 3 16 1 1
0 1 1 6 0 5 0 0 5 0 1 1 2 1 1
1 5 2 27 18 2 0 0 0 2 0 2 4 1 1
0 4 3 18 22 6 0 22 6 1 2 3 23 1 1
1 2 4 13 18 7 0 0 0 1 1 2 7 1 1
0 0 1 3 12 7 0 12 7 0 0 0 0 1 1
1 2 3 3 22 2 0 0 0 2 0 2 4 1 1
0 3 4 11 5 6 0 5 6 2 1 3 22 1 1
1 2 2 25 4 1 0 0 0 1 1 2 7 1 1
0 2 1 30 30 1 0 30 1 0 1 1 2 1 1
1 0 4 2 7 7 0 0 0 0 0 0 0 1 1
0 2 3 10 6 3 0 6 3 1 1 2 5 1 1
1 0 0 12 9 4 0 0 0 0 0 0 0 1 1
0 0 0 25 16 1 0 16 1 0 0 0 0 1 1
1 4 3 13 30 2 0 0 0 2 1 3 16 1 1
0 4 0 3 28 0 0 28 0 0 0 0 0 1 1
1 5 5 12 6 6 0 0 0 2 3 5 206 1 1
0 4 0 30 5 5 0 5 5 0 0 0 0 1 1
1 5 3 28 21 2 0 0 0 1 2 3 17 1 1
0 4 5 1 0 6 0 0 6 1 3 4 79 1 1
1 2 4 4 14 1 0 0 0 0 2 2 8 1 1
0 4 3 10 23 4 0 23 4 1 2 3 23 1 1
1 0 2 14 8 1 0 0 0 0 0 0 0 1 1
0 4 0 25 10 6 0 10 6 0 0 0 0 1 1
1 3 1 23 29 5 0 0 0 1 0 1 1 1 1
0 1 2 8 20 7 0 20 7 0 1 1 2 1 1
1 4 3 18 18 0 0 0 0 1 2 3 23 1 1
0 5 1 16 14 7 0 14 7 0 1 1 2 1 1
1 0 1 4 24 7 0 0 0 0 0 0 0 1 1
0 5 1 5 8 7 0 8 7 1 0 1 1 1 1
1 0 3 22 2 6 0 0 0 0 0 0 0 1 1
0 2 4 9 25 3 0 25 3 1 1 2 7 1 1
1 3 5 10 28 4 0 0 0 1 2 3 23 1 1
0 3 1 9 9 0 0 9 0 1 0 1 1 1 1
1 0 1 9 0 3 0 0 0 0 0 0 0 1 1
0 4 4 8 17 0 0 17 0 1 3 4 53 1 1
1 3 0 4 6 7 0 0 0 0 0 0 0 1 1
0 4 2 12 10 7 0 10 7 0 2 2 8 1 1
1 3 4 8 17 2 0 0 0 0 3 3 26 1 1
0 4 4 2 1 2 0 1 2 1 3 4 77 1 1
1 2 4 8 17 2 0 0 0 0 2 2 8 1 1
0 2 3 21 31 5 0 31 5 1 1 2 7 1 1
1 0 3 2 26 0 0 0 0 0 0 0 0 1 1
0 1 5 0 28 4 0 28 4 0 1 1 2 1 1
1 1 0 2 22 6 0 0 0 0 0 0 0 1 1
0 0 1 2 27 0 0 27 0 0 0 0 0 1 1
1 1 5 15 3 7 0 0 0 1 0 1 1 1 1
0 5 5 20 21 6 0 21 6 2 3 5 152 1 1
1 5 3 4 21 3 0 0 0 1 2 3 17 1 1
0 1 2 14 18 2 0 18 2 0 1 1 2 1 1
1 0 2 13 16 5 0 0 0 0 0 0 0 1 1
0 3 5 8 6 2 0 6 2 0 3 3 26 1 1
1 3 2 3 12 7 0 0 0 2 0 2 4 1 1
0 5 0 10 23 1 0 23 1 0 0 0 0 1 1
1 0 2 18 8 7 0 0 0 0 0 0 0 1 1
0 2 5 30 11 7 0 11 7 1 1 2 5 1 1
1 0 4 26 5 0 0 0 0 0 0 0 0 1 1
0 1 3 14 12 1 0 12 1 0 1 1 2 1 1
1 5 3 6 17 7 0 0 0 2 1 3 14 1 1
0 1 1 31 24 0 0 24 0 1 0 1 1 1 1
1 4 1 17 7 4 0 0 0 1 0 1 1 1 1
0 0 0 3 4 0 0 4 0 0 0 0 0 1 1
1 0 2 10 12 0 0 0 0 0 0 0 0 1 1
0 0 3 16 3 0 0 3 0 0 0 0 0 1 1
1 2 2 18 27 1 0 0 0 1 1 2 5 1 1
0 0 2 9 2 2 0 2 2 0 0 0 0 1 1
1 5 2 7 19 3 0 0 0 2 0 2 4 1 1
0 4 3 12 16 0 0 16 0 1 2 3 17 1 1
1 4 3 21 12 5 0 0 0 2 1 3 16 1 1
0 1 4 11 30 6 0 30 6 1 0 1 1 1 1
1 3 0 3 14 2 0 0 0 0 0 0 0 1 1
0 5 4 2 6 3 0 6 3 1 3 4 77 1 1
1 5 3 4 24 7 0 0 0 1 2 3 17 1 1
0 4 0 12 11 3 0 11 3 0 0 0 0 1 1
1 2 4 21 12 5 0 0 0 1 1 2 7 1 1
0 1 4 8 29 5 0 29 5 0 1 1 2 1 1
1 0 2 5 0 2 0 0 0 0 0 0 0 1 1
0 1 5 15 20 3 0 20 3 1 0 1 1 1 1
1 5 4 11 27 0 0 0 0 3 1 4 49 1 1
0 3 5 23 29 5 0 29 5 3 0 3 13 1 1
1 2 1 18 7 6 0 0 0 0 1 1 2 1 1
0 2 5 12 26 5 0 26 5 0 2 2 8 1 1
1 3 1 27 21 2 0 0 0 1 0 1 1 1 1
0 5 4 12 16 6 0 16 6 2 2 4 44 1 1
1 5 0 14 27 3 0 0 0 0 0 0 0 1 1
0 5 4 4 22 4 0 22 4 1 3 4 71 1 1
1 5 5 9 19 5 0 0 0 2 3 5 214 1 1
0 0 1 8 3 6 0 3 6 0 0 0 0 1 1
1 5 3 1 14 0 0 0 0 1 2 3 25 1 1
0 3 1 3 10 5 0 10 5 1 0 1 1 1 1
1 3 4 30 24 6 0 0 0 2 1 3 14 1 1
0 0 3 23 24 7 0 24 7 0 0 0 0 1 1
1 2 1 12 5 6 0 0 0 0 1 1 2 1 1
0 5 0 18 18 4 0 18 4 0 0 0 0 1 1
1 2 0 22 18 0 0 0 0 0 0 0 0 1 1
0 2 5 5 30 1 0 30 1 1 1 2 7 1 1
1 2 4 17 13 4 0 0 0 1 1 2 7 1 1
0 3 4 21 27 1 0 27 1 2 1 3 16 1 1
1 4 1 4 6 7 0 0 0 0 1 1 2 1 1
0 4 2 20 27 7 0 27 7 0 2 2 8 1 1
1 0 2 31 1 3 0 0 0 0 0 0 0 1 1
0 4 0 3 15 3 0 15 3 0 0 0 0 1 1
1 5 0 21 4 3 0 0 0 0 0 0 0 1 1
0 1 3 1 10 0 0 10 0 1 0 1 1 1 1
1 3 4 29 25 1 0 0 0 2 1 3 16 1 1
0 5 3 22 31 3 0 31 3 2 1 3 14 1 1
1 0 3 24 23 0 0 0 0 0 0 0 0 1 1
0 0 3 13 24 0 0 24 0 0 0 0 0 1 1
1 2 2 24 16 2 0 0 0 0 2 2 8 1 1
0 0 4 31 23 7 0 23 7 0 0 0 0 1 1
1 5 4 9 6 3 0 0 0 2 2 4 52 1 1
0 2 0 28 29 3 0 29 3 0 0 0 0 1 1
1 4 2 20 31 1 0 0 0 0 2 2 8 1 1
0 2 3 11 28 6 0 28 6 2 0 2 4 1 1
1 1 2 14 6 6 0 0 0 0 1 1 2 1 1
0 4 5 4 13 7 0 13 7 1 3 4 71 1 1
1 1 3 21 3 6 0 0 0 1 0 1 1 1 1
0 4 2 27 21 6 0 21 6 2 0 2 4 1 1
1 5 0 6 22 0 0 0 0 0 0 0 0 1 1
0 3 1 13 27 5 0 27 5 1 0 1 1 1 1
1 4 5 4 24 3 0 0 0 1 3 4 71 1 1
0 4 0 27 3 0 0 3 0 0 0 0 0 1 1
1 3 5 31 29 7 0 0 0 3 0 3 13 1 1
0 2 4 17 23 1 0 23 1 1 1 2 7 1 1
1 2 0 26 14 2 0 0 0 0 0 0 0 1 1
0 2 3 27 18 6 0 18 6 2 0 2 4 1 1
1 5 2 29 20 1 0 0 0 1 1 2 7 1 1
0 4 5 25 18 3 0 18 3 2 2 4 52 1 1
1 3 2 4 30 7 0 0 0 0 2 2 8 1 1
0 4 5 1 19 4 0 19 4 1 3 4 79 1 1
1 0 2 16 7 5 0 0 0 0 0 0 0 1 1
0 2 4 9 13 2 0 13 2 1 1 2 7 1 1
1 0 5 30 3 4 0 0 0 0 0 0 0 1 1
0 0 0 27 29 7 0 29 7 0 0 0 0 1 1
1 0 0 0 17 3 0 0 0 0 0 0 0 1 1
0 0 4 23 17 3 0 17 3 0 0 0 0 1 1
1 2 3 18 6 5 0 0 0 1 1 2 5 1 1
0 3 4 12 6 2 0 6 2 1 2 3 17 1 1
1 1 2 1 29 5 0 0 0 1 0 1 1 1 1
0 0 1 6 7 7 0 7 7 0 0 0 0 1 1
1 0 3 13 9 7 0 0 0 0 0 0 0 1 1
0 0 2 27 12 6 0 12 6 0 0 0 0 1 1
1 1 1 13 13 1 0 0 0 1 0 1 1 1 1
0 5 3 2 9 6 0 9 6 1 2 3 23 1 1
1 3 4 23 3 4 0 0 0 3 0 3 13 1 1
0 3 1 21 6 7 0 6 7 1 0 1 1 1 1
1 1 0 12 25 3 0 0 0 0 0 0 0 1 1
0 3 0 8 7 5 0 7 5 0 0 0 0 1 1
1 3 4 31 5 0 0 0 0 3 0 3 13 1 1
0 4 5 9 27 4 0 27 4 2 2 4 52 1 1
1 5 0 20 17 4 0 0 0 0 0 0 0 1 1
0 0 1 30 18 4 0 18 4 0 0 0 0 1 1
1 0 3 0 25 3 0 0 0 0 0 0 0 1 1
0 5 5 2 15 0 0 15 0 1 4 5 239 1 1
1 4 1 10 5 5 0 0 0 0 1 1 2 1 1
0 4 1 30 17 2 0 17 2 0 1 1 2 1 1
1 1 3 19 0 2 0 0 0 1 0 1 1 1 1
0 5 2 20 7 5 0 7 5 0 2 2 8 1 1
1 4 2 2 0 7 0 0 0 1 1 2 5 1 1
0 5 1 14 25 2 0 25 2 0 1 1 2 1 1
1 3 4 29 30 6 0 0 0 2 1 3 16 1 1
0 4 5 5 19 6 0 19 6 2 2 4 70 1 1
1 3 1 24 27 7 0 0 0 0 1 1 2 1 1
0 3 2 15 24 4 0 24 4 2 0 2 4 1 1
1 4 0 15 30 5 0 0 0 0 0 0 0 1 1
0 2 4 13 13 5 0 13 5 1 1 2 7 1 1
1 1 5 10 26 3 0 0 0 0 1 1 2 1 1
0 5 0 14 14 1 0 14 1 0 0 0 0 1 1
1 5 1 2 4 4 0 0 0 0 1 1 2 1 1
0 0 4 20 29 4 0 29 4 0 0 0 0 1 1
1 1 4 6 29 1 0 0 0 0 1 1 2 1 1
0 4 4 10 21 3 0 21 3 2 2 4 50 1 1
1 1 1 5 0 4 0 0 0 1 0 1 1 1 1
0 3 1 1 6 5 0 6 5 1 0 1 1 1 1
1 4 3 9 4 0 0 0 0 1 2 3 25 1 1
0 5 0 15 16 5 0 16 5 0 0 0 0 1 1
1 3 5 11 3 4 0 0 0 2 1 3 22 1 1
0 5 2 5 7 0 0 7 0 1 1 2 7 1 1
1 0 2 9 11 3 0 0 0 0 0 0 0 1 1
0 4 1 20 17 2 0 17 2 0 1 1 2 1 1
1 2 3 18 14 3 0 0 0 1 1 2 5 1 1
0 5 2 15 0 4 0 0 4 2 0 2 4 1 1
1 2 3 25 22 2 0 0 0 1 1 2 7 1 1
0 1 5 12 14 1 0 14 1 0 1 1 2 1 1
1 3 1 17 0 5 0 0 0 1 0 1 1 1 1
0 4 4 24 21 0 0 21 0 1 3 4 53 1 1
1 0 4 24 23 2 0 0 0 0 0 0 0 1 1
0 3 4 27 28 4 0 28 4 2 1 3 22 1 1
1 3 3 7 1 0 0 0 0 3 0 3 13 1 1
0 1 1 14 20 6 0 20 6 0 1 1 2 1 1
1 3 1 7 23 0 0 0 0 1 0 1 1 1 1
0 1 2 26 17 7 0 17 7 0 1 1 2 1 1
1 2 2 31 7 7 0 0 0 2 0 2 4 1 1
0 0 3 10 6 1 0 6 1 0 0 0 0 1 1
1 2 3 14 8 5 0 0 0 1 1 2 5 1 1
0 5 3 20 2 5 0 2 5 1 2 3 17 1 1
1 2 1 0 24 4 0 0 0 0 1 1 2 1 1
0 4 5 23 13 7 0 13 7 3 1 4 67 1 1
1 3 1 6 18 6 0 0 0 0 1 1 2 1 1
0 1 5 30 18 3 0 18 3 0 1 1 2 1 1
1 3 5 27 8 3 0 0 0 2 1 3 22 1 1
0 5 3 25 12 6 0 12 6 1 2 3 25 1 1
1 3 4 3 20 0 0 0 0 2 1 3 22 1 1
0 1 3 25 4 5 0 4 5 1 0 1 1 1 1
1 2 3 25 26 2 0 0 0 1 1 2 7 1 1
0 1 5 6 31 2 0 31 2 0 1 1 2 1 1
1 3 3 7 22 2 0 0 0 3 0 3 13 1 1
0 2 2 10 30 7 0 30 7 1 1 2 5 1 1
1 3 0 27 30 6 0 0 0 0 0 0 0 1 1
0 4 2 12 24 3 0 24 3 0 2 2 8 1 1
1 4 0 19 26 4 0 0 0 0 0 0 0 1 1
0 3 0 3 27 1 0 27 1 0 0 0 0 1 1
1 5 5 24 12 6 0 0 0 2 3 5 134 1 1
0 4 1 30 18 0 0 18 0 0 1 1 2 1 1
1 3 3 0 21 2 0 0 0 0 3 3 26 1 1
0 2 2 11 13 7 0 13 7 2 0 2 4 1 1
1 3 5 13 4 1 0 0 0 2 1 3 16 1 1
0 1 0 12 1 5 0 1 5 0 0 0 0 1 1
1 0 3 12 27 2 0 0 0 0 0 0 0 1 1
0 5 0 17 5 4 0 5 4 0 0 0 0 1 1
1 0 2 23 28 4 0 0 0 0 0 0 0 1 1
0 3 4 21 31 0 0 31 0 2 1 3 16 1 1
1 4 2 31 24 4 0 0 0 2 0 2 4 1 1
0 1 5 9 13 5 0 13 5 1 0 1 1 1 1
1 2 1 14 13 3 0 0 0 0 1 1 2 1 1
0 2 3 22 23 2 0 23 2 1 1 2 5 1 1
1 4 0 8 1 2 0 0 0 0 0 0 0 1 1
0 3 0 27 1 2 0 1 2 0 0 0 0 1 1
1 5 2 4 20 5 0 0 0 0 2 2 8 1 1
0 1 4 3 16 6 0 16 6 1 0 1 1 1 1
1 1 1 8 20 6 0 0 0 0 1 1 2 1 1
0 1 1 4 16 5 0 16 5 0 1 1 2 1 1
1 1 4 2 16 5 0 0 0 0 1 1 2 1 1
0 5 0 29 21 6 0 21 6 0 0 0 0 1 1
1 0 4 1 30 3 0 0 0 0 0 0 0 1 1
0 1 3 23 28 4 0 28 4 1 0 1 1 1 1
1 2 1 6 14 1 0 0 0 0 1 1 2 1 1
0 2 2 1 16 0 0 16 0 1 1 2 7 1 1
1 3 1 21 11 5 0 0 0 1 0 1 1 1 1
0 5 5 7 8 0 0 8 0 3 2 5 229 1 1
1 1 4 3 6 0 0 0 0 1 0 1 1 1 1
0 0 2 2 26 2 0 26 2 0 0 0 0 1 1
1 5 3 28 15 5 0 0 0 1 2 3 17 1 1
0 1 5 11 6 1 0 6 1 1 0 1 1 1 1
1 2 0 24 1 3 0 0 0 0 0 0 0 1 1
0 1 4 18 16 3 0 16 3 0 1 1 2 1 1
1 4 4 16 6 2 0 0 0 0 4 4 80 1 1
0 2 1 4 21 1 0 21 1 0 1 1 2 1 1
1 4 0 6 20 4 0 0 0 0 0 0 0 1 1
0 5 3 2 18 0 0 18 0 1 2 3 23 1 1
1 3 4 11 21 4 0 0 0 2 1 3 22 1 1
0 1 3 12 21 3 0 21 3 0 1 1 2 1 1
1 3 2 18 29 1 0 0 0 1 1 2 5 1 1
0 5 0 13 28 2 0 28 2 0 0 0 0 1 1
1 3 2 20 8 2 0 0 0 0 2 2 8 1 1
0 1 1 28 7 6 0 7 6 0 1 1 2 1 1
1 3 3 12 5 6 0 0 0 1 2 3 17 1 1
0 4 3 4 12 5 0 12 5 1 2 3 17 1 1
1 2 1 3 21 3 0 0 0 1 0 1 1 1 1
0 2 5 19 19 3 0 19 3 2 0 2 4 1 1
1 5 4 16 9 1 0 0 0 0 4 4 80 1 1
0 0 2 6 0 2 0 0 2 0 0 0 0 1 1
1 0 0 5 22 3 0 0 0 0 0 0 0 1 1
0 4 4 8 27 5 0 27 5 1 3 4 53 1 1
1 4 5 9 30 7 0 0 0 2 2 4 52 1 1
0 4 3 12 22 6 0 22 6 1 2 3 17 1 1
1 3 4 0 31 2 0 0 0 0 3 3 26 1 1
0 5 5 14 10 0 0 10 0 3 2 5 203 1 1
1 3 4 19 26 0 0 0 0 2 1 3 22 1 1
0 3 3 29 26 6 0 26 6 2 1 3 16 1 1
1 2 0 7 27 2 0 0 0 0 0 0 0 1 1
0 0 2 18 23 5 0 23 5 0 0 0 0 1 1
1 4 0 21 19 0 0 0 0 0 0 0 0 1 1
0 1 0 25 15 4 0 15 4 0 0 0 0 1 1
1 0 2 16 19 1 0 0 0 0 0 0 0 1 1
0 0 3 26 7 6 0 7 6 0 0 0 0 1 1
1 2 0 26 20 4 0 0 0 0 0 0 0 1 1
0 0 2 27 31 6 0 31 6 0 0 0 0 1 1
1 4 5 22 22 0 0 0 0 2 2 4 68 1 1
0 0 5 27 10 2 0 10 2 0 0 0 0 1 1
1 3 2 12 18 7 0 0 0 0 2 2 8 1 1
0 3 4 18 3 7 0 3 7 1 2 3 23 1 1
1 5 3 15 28 3 0 0 0 3 0 3 13 1 1
0 4 2 19 20 5 0 20 5 2 0 2 4 1 1
1 2 2 22 27 7 0 0 0 1 1 2 5 1 1
0 4 0 10 4 2 0 4 2 0 0 0 0 1 1
1 5 2 10 31 1 0 0 0 1 1 2 5 1 1
0 5 5 21 15 4 0 15 4 3 2 5 151 1 1
1 1 4 30 20 4 0 0 0 0 1 1 2 1 1
0 5 1 6 18 5 0 18 5 0 1 1 2 1 1
1 0 0 28 13 2 0 0 0 0 0 0 0 1 1
0 5 5 17 26 1 0 26 1 2 3 5 160 1 1
1 1 3 21 25 2 0 0 0 1 0 1 1 1 1
0 5 1 25 23 4 0 23 4 1 0 1 1 1 1
1 0 2 2 26 7 0 0 0 0 0 0 0 1 1
0 1 1 6 22 0 0 22 0 0 1 1 2 1 1
1 1 0 17 1 5 0 0 0 0 0 0 0 1 1
0 0 2 30 24 1 0 24 1 0 0 0 0 1 1
1 0 5 7 5 1 0 0 0 0 0 0 0 1 1
0 1 4 15 17 2 0 17 2 1 0 1 1 1 1
1 3 5 23 10 5 0 0 0 3 0 3 13 1 1
0 5 0 21 6 4 0 6 4 0 0 0 0 1 1
1 3 1 22 27 2 0 0 0 0 1 1 2 1 1
0 2 0 2 16 5 0 16 5 0 0 0 0 1 1
1 0 4 3 17 2 0 0 0 0 0 0 0 1 1
0 4 4 21 8 6 0 8 6 2 2 4 70 1 1
1 3 1 2 3 1 0 0 0 0 1 1 2 1 1
0 4 5 23 31 2 0 31 2 3 1 4 67 1 1
1 3 2 5 15 7 0 0 0 1 1 2 7 1 1
0 5 4 10 0 3 0 0 3 2 2 4 50 1 1
1 0 2 2 31 5 0 0 0 0 0 0 0 1 1
0 3 3 4 29 4 0 29 4 1 2 3 17 1 1
1 3 5 4 17 7 0 0 0 1 2 3 17 1 1
0 5 0 13 4 0 0 4 0 0 0 0 0 1 1
1 3 1 8 4 5 0 0 0 0 1 1 2 1 1
0 3 2 3 25 4 0 25 4 2 0 2 4 1 1
1 0 3 6 11 4 0 0 0 0 0 0 0 1 1
0 4 3 25 18 7 0 18 7 1 2 3 25 1 1
1 2 2 18 9 5 0 0 0 1 1 2 5 1 1
0 4 3 9 5 5 0 5 5 1 2 3 25 1 1
1 0 0 30 7 4 0 0 0 0 0 0 0 1 1
0 3 4 17 28 3 0 28 3 1 2 3 25 1 1
1 5 2 1 12 0 0 0 0 1 1 2 7 1 1
0 2 1 24 5 6 0 5 6 0 1 1 2 1 1
1 5 3 6 2 5 0 0 0 2 1 3 14 1 1
0 4 1 22 23 7 0 23 7 0 1 1 2 1 1
1 2 4 27 19 4 0 0 0 2 0 2 4 1 1
0 0 0 30 11 5 0 11 5 0 0 0 0 1 1
1 4 5 16 30 0 0 0 0 0 4 4 80 1 1
0 5 2 2 12 6 0 12 6 1 1 2 5 1 1
1 5 0 30 18 0 0 0 0 0 0 0 0 1 1
0 0 2 23 15 2 0 15 2 0 0 0 0 1 1
1 1 1 17 3 2 0 0 0 1 0 1 1 1 1
0 1 0 28 31 5 0 31 5 0 0 0 0 1 1
1 1 2 17 29 5 0 0 0 1 0 1 1 1 1
0 4 3 26 19 2 0 19 2 1 2 3 23 1 1
1 3 4 21 18 1 0 0 0 2 1 3 16 1 1
0 3 4 23 16 4 0 16 4 3 0 3 13 1 1
1 2 5 5 22 3 0 0 0 1 1 2 7 1 1
0 3 4 23 8 2 0 8 2 3 0 3 13 1 1
1 4 4 26 15 7 0 0 0 2 2 4 50 1 1
0 0 0 20 14 7 0 14 7 0 0 0 0 1 1
1 3 2 15 25 4 0 0 0 2 0 2 4 1 1
0 1 2 27 16 3 0 16 3 1 0 1 1 1 1
1 5 0 13 31 2 0 0 0 0 0 0 0 1 1
0 3 4 5 3 1 0 3 1 2 1 3 16 1 1
1 2 5 30 10 7 0 0 0 1 1 2 5 1 1
0 4 3 9 17 4 0 17 4 1 2 3 25 1 1
1 1 5 8 25 3 0 0 0 0 1 1 2 1 1
0 4 3 6 10 3 0 10 3 2 1 3 14 1 1
1 5 3 6 12 2 0 0 0 2 1 3 14 1 1
0 1 1 2 8 4 0 8 4 0 1 1 2 1 1
1 1 2 0 3 6 0 0 0 0 1 1 2 1 1
0 0 0 21 27 1 0 27 1 0 0 0 0 1 1
1 0 1 9 22 7 0 0 0 0 0 0 0 1 1
0 1 1 22 28 0 0 28 0 0 1 1 2 1 1
1 1 2 16 2 7 0 0 0 0 1 1 2 1 1
0 1 0 5 12 0 0 12 0 0 0 0 0 1 1
1 4 5 5 11 5 0 0 0 2 2 4 70 1 1
0 1 1 14 2 6 0 2 6 0 1 1 2 1 1
1 0 3 20 23 1 0 0 0 0 0 0 0 1 1
0 4 0 18 16 1 0 16 1 0 0 0 0 1 1
1 4 5 4 17 6 0 0 0 1 3 4 71 1 1
0 4 0 8 25 5 0 25 5 0 0 0 0 1 1
1 4 1 11 1 7 0 0 0 1 0 1 1 1 1
0 0 1 27 16 6 0 16 6 0 0 0 0 1 1
1 0 2 16 12 0 0 0 0 0 0 0 0 1 1
0 4 2 5 29 3 0 29 3 1 1 2 7 1 1
1 4 4 20 31 5 0 0 0 1 3 4 71 1 1
0 2 3 4 10 5 0 10 5 0 2 2 8 1 1
1 4 2 14 27 0 0 0 0 1 1 2 5 1 1
0 4 0 2 13 5 0 13 5 0 0 0 0 1 1
1 0 1 25 26 7 0 0 0 0 0 0 0 1 1
0 1 0 30 27 3 0 27 3 0 0 0 0 1 1
1 4 2 26 6 5 0 0 0 1 1 2 5 1 1
0 3 0 4 0 5 0 0 5 0 0 0 0 1 1
1 5 1 2 15 3 0 0 0 0 1 1 2 1 1
0 0 3 18 17 1 0 17 1 0 0 0 0 1 1
1 1 3 16 2 2 0 0 0 0 1 1 2 1 1
0 1 1 4 15 0 0 15 0 0 1 1 2 1 1
1 1 4 15 31 4 0 0 0 1 0 1 1 1 1
0 3 4 12 8 6 0 8 6 1 2 3 17 1 1
1 4 1 0 2 7 0 0 0 0 1 1 2 1 1
0 5 1 27 27 4 0 27 4 1 0 1 1 1 1
1 4 5 14 15 3 0 0 0 3 1 4 41 1 1
0 2 0 23 0 1 0 0 1 0 0 0 0 1 1
1 4 2 17 29 3 0 0 0 1 1 2 7 1 1
0 4 2 14 25 7 0 25 7 1 1 2 5 1 1
1 1 4 21 12 5 0 0 0 1 0 1 1 1 1
0 0 4 27 17 2 0 17 2 0 0 0 0 1 1
1 2 5 15 15 1 0 0 0 2 0 2 4 1 1
0 4 5 23 10 7 0 10 7 3 1 4 67 1 1
1 1 3 24 17 3 0 0 0 0 1 1 2 1 1
0 2 3 19 30 1 0 30 1 2 0 2 4 1 1
1 2 3 27 26 4 0 0 0 2 0 2 4 1 1
0 0 5 19 4 6 0 4 6 0 0 0 0 1 1
1 5 5 13 20 7 0 0 0 3 2 5 205 1 1
0 3 2 31 0 4 0 0 4 2 0 2 4 1 1
1 1 3 10 18 3 0 0 0 0 1 1 2 1 1
0 1 1 16 4 7 0 4 7 0 1 1 2 1 1
1 1 2 20 1 6 0 0 0 0 1 1 2 1 1
0 0 0 30 26 3 0 26 3 0 0 0 0 1 1
1 3 0 15 16 6 0 0 0 0 0 0 0 1 1
0 4 2 29 12 7 0 12 7 1 1 2 7 1 1
1 5 2 6 10 0 0 0 0 1 1 2 5 1 1
0 3 0 25 3 2 0 3 2 0 0 0 0 1 1
1 4 4 11 31 4 0 0 0 3 1 4 49 1 1
0 1 3 22 11 0 0 11 0 0 1 1 2 1 1
1 0 0 7 7 7 0 0 0 0 0 0 0 1 1
0 1 4 8 19 0 0 19 0 0 1 1 2 1 1
1 1 5 4 26 3 0 0 0 0 1 1 2 1 1
0 5 3 26 9 3 0 9 3 1 2 3 23 1 1
1 2 0 21 17 4 0 0 0 0 0 0 0 1 1
0 4 3 18 20 0 0 20 0 1 2 3 23 1 1
1 5 5 14 6 5 0 0 0 3 2 5 203 1 1
0 1 4 23 25 4 0 25 4 1 0 1 1 1 1
1 0 2 4 13 7 0 0 0 0 0 0 0 1 1
0 5 0 28 4 7 0 4 7 0 0 0 0 1 1
1 1 5 22 10 5 0 0 0 0 1 1 2 1 1
0 4 0 30 28 6 0 28 6 0 0 0 0 1 1
1 1 0 12 27 0 0 0 0 0 0 0 0 1 1
0 2 2 29 0 5 0 0 5 1 1 2 7 1 1
1 0 1 14 24 6 0 0 0 0 0 0 0 1 1
0 0 0 4 6 3 0 6 3 0 0 0 0 1 1
1 0 2 12 13 6 0 0 0 0 0 0 0 1 1
0 4 2 21 20 1 0 20 1 1 1 2 7 1 1
1 5 3 9 30 0 0 0 0 1 2 3 25 1 1
0 1 4 8 27 3 0 27 3 0 1 1 2 1 1
1 2 0 22 25 4 0 0 0 0 0 0 0 1 1
0 2 2 15 26 6 0 26 6 2 0 2 4 1 1
1 5 0 26 8 2 0 0 0 0 0 0 0 1 1
0 0 2 2 27 4 0 27 4 0 0 0 0 1 1
1 1 4 16 4 5 0 0 0 0 1 1 2 1 1
0 3 3 28 0 4 0 0 4 1 2 3 17 1 1
1 3 5 10 14 4 0 0 0 1 2 3 23 1 1
0 2 5 9 20 7 0 20 7 1 1 2 7 1 1
1 2 1 30 25 5 0 0 0 0 1 1 2 1 1
0 3 5 1 26 3 0 26 3 1 2 3 25 1 1
1 2 2 7 1 2 0 0 0 2 0 2 4 1 1
0 5 2 29 15 0 0 15 0 1 1 2 7 1 1
1 2 5 11 28 0 0 0 0 2 0 2 4 1 1
0 1 5 0 25 5 0 25 5 0 1 1 2 1 1
1 3 5 22 10 3 0 0 0 2 1 3 14 1 1
0 1 3 21 24 0 0 24 0 1 0 1 1 1 1
1 1 3 6 29 4 0 0 0 0 1 1 2 1 1
0 2 1 31 17 0 0 17 0 1 0 1 1 1 1
1 2 4 2 0 2 0 0 0 1 1 2 5 1 1
0 3 1 8 24 6 0 24 6 0 1 1 2 1 1
1 3 1 29 3 0 0 0 0 1 0 1 1 1 1
0 3 0 17 24 5 0 24 5 0 0 0 0 1 1
1 4 4 7 25 1 0 0 0 3 1 4 67 1 1
0 0 2 24 30 1 0 30 1 0 0 0 0 1 1
1 1 3 27 4 4 0 0 0 1 0 1 1 1 1
0 5 3 1 6 5 0 6 5 1 2 3 25 1 1
1 4 1 24 9 4 0 0 0 0 1 1 2 1 1
0 3 5 27 25 4 0 25 4 2 1 3 22 1 1
1 1 0 13 4 3 0 0 0 0 0 0 0 1 1
0 1 0 10 27 1 0 27 1 0 0 0 0 1 1
1 1 0 3 6 2 0 0 0 0 0 0 0 1 1
0 4 2 9 1 5 0 1 5 1 1 2 7 1 1
1 1 0 23 4 1 0 0 0 0 0 0 0 1 1
0 0 3 12 4 5 0 4 5 0 0 0 0 1 1
1 3 2 4 23 2 0 0 0 0 2 2 8 1 1
0 4 4 29 2 6 0 2 6 3 1 4 43 1 1
1 2 0 15 1 5 0 0 0 0 0 0 0 1 1
0 5 4 17 0 2 0 0 2 1 3 4 79 1 1
1 0 4 24 9 7 0 0 0 0 0 0 0 1 1
0 4 5 22 19 2 0 19 2 2 2 4 68 1 1
1 3 1 28 9 0 0 0 0 0 1 1 2 1 1
0 4 3 6 11 0 0 11 0 2 1 3 14 1 1
1 1 2 12 22 7 0 0 0 0 1 1 2 1 1
0 2 0 20 30 5 0 30 5 0 0 0 0 1 1
1 1 5 26 15 4 0 0 0 0 1 1 2 1 1
0 3 3 4 28 2 0 28 2 1 2 3 17 1 1
1 2 1 4 8 4 0 0 0 0 1 1 2 1 1
0 2 3 13 10 4 0 10 4 1 1 2 7 1 1
1 1 2 20 15 1 0 0 0 0 1 1 2 1 1
0 1 1 30 10 7 0 10 7 0 1 1 2 1 1
1 3 3 31 25 3 0 0 0 3 0 3 13 1 1
0 3 0 0 11 3 0 11 3 0 0 0 0 1 1
1 4 2 13 0 3 0 0 0 1 1 2 7 1 1
0 5 2 12 29 0 0 29 0 0 2 2 8 1 1
1 5 4 23 1 5 0 0 0 3 1 4 67 1 1
0 1 4 12 7 1 0 7 1 0 1 1 2 1 1
1 2 1 29 21 4 0 0 0 1 0 1 1 1 1
0 4 0 19 2 2 0 2 2 0 0 0 0 1 1
1 4 1 31 24 3 0 0 0 1 0 1 1 1 1
0 2 3 4 8 1 0 8 1 0 2 2 8 1 1
1 5 0 1 27 2 0 0 0 0 0 0 0 1 1
0 3 4 29 22 4 0 22 4 2 1 3 16 1 1
1 1 5 24 25 0 0 0 0 0 1 1 2 1 1
0 1 3 7 4 0 0 4 0 1 0 1 1 1 1
1 5 5 29 6 4 0 0 0 4 1 5 124 1 1
0 4 3 26 6 0 0 6 0 1 2 3 23 1 1
1 2 2 25 28 4 0 0 0 1 1 2 7 1 1
0 0 2 5 26 2 0 26 2 0 0 0 0 1 1
1 2 0 6 14 7 0 0 0 0 0 0 0 1 1
0 4 5 6 21 3 0 21 3 2 2 4 68 1 1
1 4 0 29 23 2 0 0 0 0 0 0 0 1 1
0 5 2 23 21 1 0 21 1 2 0 2 4 1 1
1 1 4 11 2 3 0 0 0 1 0 1 1 1 1
0 1 0 29 0 3 0 0 3 0 0 0 0 1 1
1 0 4 19 23 7 0 0 0 0 0 0 0 1 1
0 0 4 19 8 5 0 8 5 0 0 0 0 1 1
1 3 5 7 2 3 0 0 0 3 0 3 13 1 1
0 4 5 0 4 0 0 4 0 0 4 4 80 1 1
1 4 4 24 30 3 0 0 0 1 3 4 53 1 1
0 1 3 24 21 6 0 21 6 0 1 1 2 1 1
1 3 1 9 22 6 0 0 0 1 0 1 1 1 1
0 3 5 28 1 3 0 1 3 1 2 3 17 1 1
1 5 1 0 5 0 0 0 0 0 1 1 2 1 1
0 5 3 30 14 4 0 14 4 2 1 3 14 1 1
1 5 0 19 21 6 0 0 0 0 0 0 0 1 1
0 2 1 19 11 4 0 11 4 1 0 1 1 1 1
1 1 5 14 28 4 0 0 0 0 1 1 2 1 1
0 0 4 11 31 3 0 31 3 0 0 0 0 1 1
1 5 3 11 26 7 0 0 0 2 1 3 22 1 1
0 0 3 19 20 6 0 20 6 0 0 0 0 1 1
1 4 3 6 10 2 0 0 0 2 1 3 14 1 1
0 4 0 4 2 5 0 2 5 0 0 0 0 1 1
1 1 0 30 6 6 0 0 0 0 0 0 0 1 1
0 3 4 19 27 4 0 27 4 2 1 3 22 1 1
1 0 5 13 4 6 0 0 0 0 0 0 0 1 1
0 5 1 14 10 3 0 10 3 0 1 1 2 1 1
1 4 3 3 3 7 0 0 0 2 1 3 22 1 1
0 1 1 23 3 6 0 3 6 1 0 1 1 1 1
1 0 5 25 22 7 0 0 0 0 0 0 0 1 1
0 5 5 14 18 7 0 18 7 3 2 5 203 1 1
1 3 3 13 17 2 0 0 0 2 1 3 16 1 1
0 2 5 17 10 7 0 10 7 1 1 2 7 1 1
1 5 2 21 7 4 0 0 0 1 1 2 7 1 1
0 4 1 21 28 7 0 28 7 1 0 1 1 1 1
1 0 1 14 17 4 0 0 0 0 0 0 0 1 1
0 3 2 23 7 2 0 7 2 2 0 2 4 1 1
1 1 1 22 29 2 0 0 0 0 1 1 2 1 1
0 0 2 2 21 4 0 21 4 0 0 0 0 1 1
1 4 2 17 13 1 0 0 0 1 1 2 7 1 1
0 0 4 2 7 4 0 7 4 0 0 0 0 1 1
1 1 0 10 29 6 0 0 0 0 0 0 0 1 1
0 0 5 14 12 2 0 12 2 0 0 0 0 1 1
1 2 3 4 29 1 0 0 0 0 2 2 8 1 1
0 2 5 23 28 6 0 28 6 2 0 2 4 1 1
1 4 2 7 3 0 0 0 0 2 0 2 4 1 1
0 2 5 30 0 5 0 0 5 1 1 2 5 1 1
1 5 0 1 16 1 0 0 0 0 0 0 0 1 1
0 0 1 23 10 6 0 10 6 0 0 0 0 1 1
1 3 5 2 6 2 0 0 0 1 2 3 23 1 1
0 1 3 5 24 6 0 24 6 1 0 1 1 1 1
1 2 4 2 21 6 0 0 0 1 1 2 5 1 1
0 3 2 3 0 6 0 0 6 2 0 2 4 1 1
1 1 1 20 7 5 0 0 0 0 1 1 2 1 1
0 0 2 7 17 4 0 17 4 0 0 0 0 1 1
1 3 1 15 9 6 0 0 0 1 0 1 1 1 1
0 5 0 14 27 4 0 27 4 0 0 0 0 1 1
1 0 5 7 25 2 0 0 0 0 0 0 0 1 1
0 3 5 11 1 6 0 1 6 2 1 3 22 1 1
1 3 1 31 12 6 0 0 0 1 0 1 1 1 1
0 2 3 4 12 7 0 12 7 0 2 2 8 1 1
1 3 0 27 1 5 0 0 0 0 0 0 0 1 1
0 1 3 6 8 5 0 8 5 0 1 1 2 1 1
1 4 1 5 6 7 0 0 0 1 0 1 1 1 1
0 0 0 0 30 6 0 30 6 0 0 0 0 1 1
1 3 3 18 5 3 0 0 0 1 2 3 23 1 1
0 3 2 3 1 1 0 1 1 2 0 2 4 1 1
1 2 5 22 6 7 0 0 0 1 1 2 5 1 1
0 0 1 14 22 0 0 22 0 0 0 0 0 1 1
1 0 1 2 19 5 0 0 0 0 0 0 0 1 1
0 1 4 22 9 2 0 9 2 0 1 1 2 1 1
1 0 3 22 13 1 0 0 0 0 0 0 0 1 1
0 2 1 12 20 2 0 20 2 0 1 1 2 1 1
1 1 0 19 11 7 0 0 0 0 0 0 0 1 1
0 0 3 3 19 6 0 19 6 0 0 0 0 1 1
1 1 3 8 30 7 0 0 0 0 1 1 2 1 1
0 1 0 20 4 1 0 4 1 0 0 0 0 1 1
1 1 2 7 26 3 0 0 0 1 0 1 1 1 1
0 2 2 19 17 6 0 17 6 2 0 2 4 1 1
1 2 0 12 30 4 0 0 0 0 0 0 0 1 1
0 1 3 11 17 6 0 17 6 1 0 1 1 1 1
1 4 4 3 16 4 0 0 0 2 2 4 76 1 1
0 3 5 23 25 0 0 25 0 3 0 3 13 1 1
1 1 1 27 11 5 0 0 0 1 0 1 1 1 1
0 4 1 20 7 7 0 7 7 0 1 1 2 1 1
1 0 1 1 13 3 0 0 0 0 0 0 0 1 1
0 0 3 12 25 0 0 25 0 0 0 0 0 1 1
1 1 3 2 11 3 0 0 0 0 1 1 2 1 1
0 1 5 26 31 2 0 31 2 0 1 1 2 1 1
1 0 3 7 26 7 0 0 0 0 0 0 0 1 1
0 4 2 28 24 4 0 24 4 0 2 2 8 1 1
1 4 0 26 25 2 0 0 0 0 0 0 0 1 1
0 5 4 0 23 1 0 23 1 0 4 4 80 1 1
1 4 0 1 8 0 0 0 0 0 0 0 0 1 1
0 2 5 19 2 0 0 2 0 2 0 2 4 1 1
1 0 0 27 26 5 0 0 0 0 0 0 0 1 1
0 5 1 0 23 2 0 23 2 0 1 1 2 1 1
1 2 5 12 10 7 0 0 0 0 2 2 8 1 1
0 0 3 27 13 6 0 13 6 0 0 0 0 1 1
1 2 3 16 4 2 0 0 0 0 2 2 8 1 1
0 3 3 10 13 2 0 13 2 1 2 3 23 1 1
1 5 0 9 17 4 0 0 0 0 0 0 0 1 1
0 4 1 27 19 7 0 19 7 1 0 1 1 1 1
1 0 0 7 19 0 0 0 0 0 0 0 0 1 1
0 5 5 24 11 5 0 11 5 2 3 5 134 1 1
1 4 4 23 4 3 0 0 0 3 1 4 67 1 1
0 3 4 18 1 1 0 1 1 1 2 3 23 1 1
1 3 2 19 6 0 0 0 0 2 0 2 4 1 1
0 4 1 17 26 6 0 26 6 1 0 1 1 1 1
1 3 0 26 12 7 0 0 0 0 0 0 0 1 1
0 5 5 26 20 0 0 20 0 3 2 5 131 1 1
1 1 1 22 14 3 0 0 0 0 1 1 2 1 1
0 4 3 19 21 4 0 21 4 2 1 3 22 1 1
1 5 1 4 24 2 0 0 0 0 1 1 2 1 1
0 1 4 24 14 6 0 14 6 0 1 1 2 1 1
1 0 0 10 27 5 0 0 0 0 0 0 0 1 1
0 2 1 12 7 3 0 7 3 0 1 1 2 1 1
1 5 5 0 3 2 0 0 0 0 5 5 242 1 1
0 1 3 25 31 6 0 31 6 1 0 1 1 1 1
1 3 4 3 20 5 0 0 0 2 1 3 22 1 1
0 3 2 16 3 4 0 3 4 0 2 2 8 1 1
1 4 0 23 25 6 0 0 0 0 0 0 0 1 1
0 1 5 3 19 3 0 19 3 1 0 1 1 1 1
1 0 4 24 23 2 0 0 0 0 0 0 0 1 1
0 2 4 22 10 4 0 10 4 1 1 2 5 1 1
1 2 5 16 17 7 0 0 0 0 2 2 8 1 1
0 2 2 22 3 4 0 3 4 1 1 2 5 1 1
1 2 2 2 1 1 0 0 0 1 1 2 5 1 1
0 2 0 13 0 5 0 0 5 0 0 0 0 1 1
1 3 5 3 13 7 0 0 0 2 1 3 22 1 1
0 2 2 5 28 1 0 28 1 1 1 2 7 1 1
1 2 2 8 21 1 0 0 0 0 2 2 8 1 1
0 1 1 1 18 1 0 18 1 1 0 1 1 1 1
1 5 1 17 22 1 0 0 0 1 0 1 1 1 1
0 3 4 2 14 0 0 14 0 1 2 3 23 1 1
1 0 1 9 24 7 0 0 0 0 0 0 0 1 1
0 4 5 6 22 4 0 22 4 2 2 4 68 1 1
1 1 1 0 27 6 0 0 0 0 1 1 2 1 1
0 4 1 14 20 2 0 20 2 0 1 1 2 1 1
1 1 2 19 3 4 0 0 0 1 0 1 1 1 1
0 4 4 24 17 2 0 17 2 1 3 4 53 1 1
1 2 0 1 14 1 0 0 0 0 0 0 0 1 1
0 1 1 18 4 3 0 4 3 0 1 1 2 1 1
1 0 0 18 31 0 0 0 0 0 0 0 0 1 1
0 2 5 12 17 5 0 17 5 0 2 2 8 1 1
1 1 3 1 1 7 0 0 0 1 0 1 1 1 1
0 0 1 13 18 7 0 18 7 0 0 0 0 1 1
1 0 1 11 21 3 0 0 0 0 0 0 0 1 1
0 3 4 5 22 5 0 22 5 2 1 3 16 1 1
1 2 5 0 10 2 0 0 0 0 2 2 8 1 1
0 2 5 30 23 4 0 23 4 1 1 2 5 1 1
1 4 2 15 14 0 0 0 0 2 0 2 4 1 1
0 0 2 24 9 7 0 9 7 0 0 0 0 1 1
1 2 0 19 1 7 0 0 0 0 0 0 0 1 1
0 0 2 19 15 2 0 15 2 0 0 0 0 1 1
1 4 4 13 1 5 0 0 0 3 1 4 43 1 1
0 1 1 9 19 4 0 19 4 1 0 1 1 1 1
1 0 5 10 29 3 0 0 0 0 0 0 0 1 1
0 3 4 13 15 0 0 15 0 2 1 3 16 1 1
1 1 3 14 21 6 0 0 0 0 1 1 2 1 1
0 1 0 28 26 5 0 26 5 0 0 0 0 1 1
1 5 1 24 22 3 0 0 0 0 1 1 2 1 1
0 1 1 3 0 1 0 0 1 1 0 1 1 1 1
1 5 0 27 0 5 0 0 0 0 0 0 0 1 1
0 0 2 12 9 0 0 9 0 0 0 0 0 1 1
1 5 1 0 5 5 0 0 0 0 1 1 2 1 1
0 3 2 10 25 0 0 25 0 1 1 2 5 1 1
1 2 1 23 19 4 0 0 0 1 0 1 1 1 1
0 0 3 7 5 5 0 5 5 0 0 0 0 1 1
1 0 5 22 10 0 0 0 0 0 0 0 0 1 1
0 3 3 6 5 5 0 5 5 2 1 3 14 1 1
1 4 3 3 24 5 0 0 0 2 1 3 22 1 1
0 2 0 11 13 6 0 13 6 0 0 0 0 1 1
1 4 3 27 0 2 0 0 0 2 1 3 22 1 1
0 2 3 23 11 1 0 11 1 2 0 2 4 1 1
1 1 1 8 27 1 0 0 0 0 1 1 2 1 1
0 1 5 27 2 5 0 2 5 1 0 1 1 1 1
1 0 4 16 8 5 0 0 0 0 0 0 0 1 1
0 3 5 22 15 0 0 15 0 2 1 3 14 1 1
1 2 3 6 13 5 0 0 0 1 1 2 5 1 1
0 2 5 20 6 0 0 6 0 0 2 2 8 1 1
1 4 4 30 14 4 0 0 0 3 1 4 41 1 1
0 5 2 3 13 3 0 13 3 2 0 2 4 1 1
1 4 2 10 0 7 0 0 0 1 1 2 5 1 1
0 3 0 28 14 2 0 14 2 0 0 0 0 1 1
1 4 5 23 5 6 0 0 0 3 1 4 67 1 1
0 1 0 4 16 5 0 16 5 0 0 0 0 1 1
1 0 3 30 26 4 0 0 0 0 0 0 0 1 1
0 4 4 25 21 3 0 21 3 2 2 4 52 1 1
1 3 2 0 13 2 0 0 0 0 2 2 8 1 1
0 5 2 8 22 0 0 22 0 0 2 2 8 1 1
1 5 5 24 21 6 0 0 0 2 3 5 134 1 1
0 3 1 0 8 7 0 8 7 0 1 1 2 1 1
1 5 4 1 11 5 0 0 0 1 3 4 79 1 1
0 0 3 10 11 3 0 11 3 0 0 0 0 1 1
1 0 1 3 11 3 0 0 0 0 0 0 0 1 1
0 2 0 8 25 7 0 25 7 0 0 0 0 1 1
1 4 1 10 4 4 0 0 0 0 1 1 2 1 1
0 3 0 8 15 2 0 15 2 0 0 0 0 1 1
1 5 5 7 12 1 0 0 0 3 2 5 229 1 1
0 4 1 27 13 1 0 13 1 1 0 1 1 1 1
1 0 4 23 11 0 0 0 0 0 0 0 0 1 1
0 2 4 15 31 3 0 31 3 2 0 2 4 1 1
1 3 0 1 29 5 0 0 0 0 0 0 0 1 1
0 4 4 6 13 4 0 13 4 2 2 4 68 1 1
1 5 2 23 23 0 0 0 0 2 0 2 4 1 1
0 5 1 28 6 1 0 6 1 0 1 1 2 1 1
1 0 5 30 30 6 0 0 0 0 0 0 0 1 1
0 2 1 5 27 5 0 27 5 1 0 1 1 1 1
1 1 0 0 22 4 0 0 0 0 0 0 0 1 1
0 2 3 5 6 2 0 6 2 1 1 2 7 1 1
1 4 4 31 5 4 0 0 0 4 0 4 40 1 1
0 2 1 27 30 2 0 30 2 1 0 1 1 1 1
1 4 5 1 20 3 0 0 0 1 3 4 79 1 1
0 3 4 6 0 4 0 0 4 2 1 3 14 1 1
1 5 0 14 24 4 0 0 0 0 0 0 0 1 1
0 4 0 26 19 2 0 19 2 0 0 0 0 1 1
1 3 5 9 2 3 0 0 0 1 2 3 25 1 1
0 0 3 3 18 6 0 18 6 0 0 0 0 1 1
1 4 5 24 21 7 0 0 0 1 3 4 53 1 1
0 1 0 28 19 1 0 19 1 0 0 0 0 1 1
1 2 1 28 17 2 0 0 0 0 1 1 2 1 1
0 3 4 7 31 3 0 31 3 3 0 3 13 1 1
1 2 4 16 15 7 0 0 0 0 2 2 8 1 1
0 2 3 27 22 0 0 22 0 2 0 2 4 1 1
1 1 5 19 10 6 0 0 0 1 0 1 1 1 1
0 4 3 29 15 0 0 15 0 2 1 3 16 1 1
1 5 3 8 31 2 0 0 0 0 3 3 26 1 1
0 5 3 2 25 3 0 25 3 1 2 3 23 1 1
1 1 2 9 18 6 0 0 0 1 0 1 1 1 1
0 4 2 3 23 6 0 23 6 2 0 2 4 1 1
1 5 5 23 9 2 0 0 0 4 1 5 148 1 1
0 2 1 16 15 6 0 15 6 0 1 1 2 1 1
1 0 3 11 7 6 0 0 0 0 0 0 0 1 1
0 0 0 17 30 1 0 30 1 0 0 0 0 1 1
1 5 1 2 5 7 0 0 0 0 1 1 2 1 1
0 0 2 27 15 4 0 15 4 0 0 0 0 1 1
1 3 2 8 10 1 0 0 0 0 2 2 8 1 1
0 5 5 1 30 7 0 30 7 1 4 5 241 1 1
1 2 3 24 23 7 0 0 0 0 2 2 8 1 1
0 0 2 1 15 4 0 15 4 0 0 0 0 1 1
1 5 4 22 5 2 0 0 0 2 2 4 68 1 1
0 4 4 8 6 3 0 6 3 1 3 4 53 1 1
1 3 1 10 17 6 0 0 0 0 1 1 2 1 1
0 3 0 25 26 2 0 26 2 0 0 0 0 1 1
1 3 3 28 6 6 0 0 0 1 2 3 17 1 1
0 1 5 22 4 5 0 4 5 0 1 1 2 1 1
1 3 4 20 23 1 0 0 0 1 2 3 17 1 1
0 0 3 3 28 5 0 28 5 0 0 0 0 1 1
1 4 3 9 6 2 0 0 0 1 2 3 25 1 1
0 3 1 26 27 1 0 27 1 0 1 1 2 1 1
1 1 4 27 0 3 0 0 0 1 0 1 1 1 1
0 0 2 11 23 4 0 23 4 0 0 0 0 1 1
1 4 2 30 17 6 0 0 0 1 1 2 5 1 1
0 4 3 7 25 4 0 25 4 3 0 3 13 1 1
1 1 1 3 4 0 0 0 0 1 0 1 1 1 1
0 5 1 23 10 5 0 10 5 1 0 1 1 1 1
1 3 5 23 3 7 0 0 0 3 0 3 13 1 1
0 3 2 20 24 6 0 24 6 0 2 2 8 1 1
1 2 2 1 19 7 0 0 0 1 1 2 7 1 1
0 0 4 8 22 6 0 22 6 0 0 0 0 1 1
1 5 4 28 8 4 0 0 0 2 2 4 44 1 1
0 1 0 4 0 2 0 0 2 0 0 0 0 1 1
1 5 1 27 2 5 0 0 0 1 0 1 1 1 1
0 0 4 13 15 1 0 15 1 0 0 0 0 1 1
1 0 5 5 4 1 0 0 0 0 0 0 0 1 1
0 0 0 25 0 3 0 0 3 0 0 0 0 1 1
1 0 4 12 24 2 0 0 0 0 0 0 0 1 1
0 5 0 10 9 4 0 9 4 0 0 0 0 1 1
1 1 1 17 30 3 0 0 0 1 0 1 1 1 1
0 5 5 3 2 2 0 2 2 2 3 5 238 1 1
1 0 4 29 22 6 0 0 0 0 0 0 0 1 1
0 4 3 9 0 1 0 0 1 1 2 3 25 1 1
1 0 5 30 8 5 0 0 0 0 0 0 0 1 1
0 2 3 25 27 4 0 27 4 1 1 2 7 1 1
1 3 3 12 7 1 0 0 0 1 2 3 17 1 1
0 3 4 23 7 1 0 7 1 3 0 3 13 1 1
1 5 5 18 14 4 0 0 0 2 3 5 158 1 1
0 5 5 0 26 0 0 26 0 0 5 5 242 1 1
1 3 3 8 2 5 0 0 0 0 3 3 26 1 1
0 0 2 16 23 3 0 23 3 0 0 0 0 1 1
1 1 1 1 12 2 0 0 0 1 0 1 1 1 1
0 1 5 5 13 5 0 13 5 1 0 1 1 1 1
1 4 0 27 30 0 0 0 0 0 0 0 0 1 1
0 2 4 26 24 1 0 24 1 1 1 2 5 1 1
1 5 5 26 15 0 0 0 0 3 2 5 131 1 1
0 4 1 16 27 0 0 27 0 0 1 1 2 1 1
1 3 0 6 5 5 0 0 0 0 0 0 0 1 1
0 3 0 22 21 7 0 21 7 0 0 0 0 1 1
1 2 0 4 25 0 0 0 0 0 0 0 0 1 1
0 3 1 16 19 2 0 19 2 0 1 1 2 1 1
1 4 4 12 6 3 0 0 0 2 2 4 44 1 1
0 3 1 10 11 0 0 11 0 0 1 1 2 1 1
1 3 5 5 29 4 0 0 0 2 1 3 16 1 1
0 3 1 7 6 3 0 6 3 1 0 1 1 1 1
1 3 1 15 26 0 0 0 0 1 0 1 1 1 1
0 3 0 5 24 4 0 24 4 0 0 0 0 1 1
1 4 4 16 14 2 0 0 0 0 4 4 80 1 1
0 3 1 3 22 2 0 22 2 1 0 1 1 1 1
1 4 1 18 25 2 0 0 0 0 1 1 2 1 1
0 4 3 31 0 0 0 0 0 3 0 3 13 1 1
1 3 0 7 25 0 0 0 0 0 0 0 0 1 1
0 4 0 14 23 4 0 23 4 0 0 0 0 1 1
1 1 4 14 17 2 0 0 0 0 1 1 2 1 1
0 5 0 24 2 0 0 2 0 0 0 0 0 1 1
1 3 3 17 5 1 0 0 0 1 2 3 25 1 1
0 0 3 23 25 1 0 25 1 0 0 0 0 1 1
1 4 1 1 4 2 0 0 0 1 0 1 1 1 1
0 2 5 14 5 3 0 5 3 1 1 2 5 1 1
1 3 5 4 17 4 0 0 0 1 2 3 17 1 1
0 2 1 15 30 5 0 30 5 1 0 1 1 1 1
1 2 4 29 25 0 0 0 0 1 1 2 7 1 1
0 0 1 24 28 4 0 28 4 0 0 0 0 1 1
1 0 0 19 21 6 0 0 0 0 0 0 0 1 1
0 3 2 14 6 4 0 6 4 1 1 2 5 1 1
1 0 0 18 19 1 0 0 0 0 0 0 0 1 1
0 3 2 20 19 7 0 19 7 0 2 2 8 1 1
1 5 2 12 29 0 0 0 0 0 2 2 8 1 1
0 1 2 31 3 2 0 3 2 1 0 1 1 1 1
1 5 2 18 10 0 0 0 0 1 1 2 5 1 1
0 0 4 10 26 3 0 26 3 0 0 0 0 1 1
1 4 1 30 20 0 0 0 0 0 1 1 2 1 1
0 2 4 23 8 2 0 8 2 2 0 2 4 1 1
1 5 1 28 20 4 0 0 0 0 1 1 2 1 1
0 5 1 22 27 4 0 27 4 0 1 1 2 1 1
1 0 3 28 4 5 0 0 0 0 0 0 0 1 1
0 5 3 31 12 0 0 12 0 3 0 3 13 1 1
1 0 3 15 25 5 0 0 0 0 0 0 0 1 1
0 4 3 5 16 4 0 16 4 2 1 3 16 1 1
1 2 1 10 12 1 0 0 0 0 1 1 2 1 1
0 5 3 17 8 4 0 8 4 1 2 3 25 1 1
1 5 1 30 15 2 0 0 0 0 1 1 2 1 1
0 5 0 25 9 4 0 9 4 0 0 0 0 1 1
1 3 5 31 4 7 0 0 0 3 0 3 13 1 1
0 2 3 10 1 2 0 1 2 1 1 2 5 1 1
1 0 5 25 11 0 0 0 0 0 0 0 0 1 1
0 4 3 3 25 2 0 25 2 2 1 3 22 1 1
1 3 5 30 14 0 0 0 0 2 1 3 14 1 1
0 2 2 26 29 0 0 29 0 1 1 2 5 1 1
1 0 4 1 5 4 0 0 0 0 0 0 0 1 1
0 0 5 5 7 6 0 7 6 0 0 0 0 1 1
1 0 2 10 17 4 0 0 0 0 0 0 0 1 1
0 1 4 1 11 6 0 11 6 1 0 1 1 1 1
1 5 2 20 13 0 0 0 0 0 2 2 8 1 1
0 0 0 7 31 5 0 31 5 0 0 0 0 1 1
1 5 3 4 1 6 0 0 0 1 2 3 17 1 1
0 0 5 0 2 4 0 2 4 0 0 0 0 1 1
1 0 0 6 8 5 0 0 0 0 0 0 0 1 1
0 2 5 11 23 5 0 23 5 2 0 2 4 1 1
1 3 5 13 2 4 0 0 0 2 1 3 16 1 1
0 5 3 3 17 1 0 17 1 2 1 3 22 1 1
1 1 3 25 31 1 0 0 0 1 0 1 1 1 1
0 3 3 10 26 7 0 26 7 1 2 3 23 1 1
1 3 3 7 9 5 0 0 0 3 0 3 13 1 1
0 1 5 15 21 1 0 21 1 1 0 1 1 1 1
1 2 4 28 25 0 0 0 0 0 2 2 8 1 1
0 0 5 10 2 3 0 2 3 0 0 0 0 1 1
1 0 1 30 2 0 0 0 0 0 0 0 0 1 1
0 3 0 18 1 1 0 1 1 0 0 0 0 1 1
1 2 4 27 31 3 0 0 0 2 0 2 4 1 1
0 4 2 17 25 4 0 25 4 1 1 2 7 1 1
1 3 0 21 30 4 0 0 0 0 0 0 0 1 1
0 4 2 23 28 3 0 28 3 2 0 2 4 1 1
1 3 0 21 23 3 0 0 0 0 0 0 0 1 1
0 0 0 2 5 5 0 5 5 0 0 0 0 1 1
1 2 0 5 27 1 0 0 0 0 0 0 0 1 1
0 4 0 11 12 0 0 12 0 0 0 0 0 1 1
1 4 1 29 26 2 0 0 0 1 0 1 1 1 1
0 2 5 5 6 6 0 6 6 1 1 2 7 1 1
1 1 5 3 10 5 0 0 0 1 0 1 1 1 1
0 0 1 13 5 2 0 5 2 0 0 0 0 1 1
1 1 1 20 3 3 0 0 0 0 1 1 2 1 1
0 2 0 16 13 4 0 13 4 0 0 0 0 1 1
1 0 3 20 23 3 0 0 0 0 0 0 0 1 1
0 5 5 25 13 1 0 13 1 3 2 5 133 1 1
1 1 5 18 3 0 0 0 0 0 1 1 2 1 1
0 5 1 31 3 0 0 3 0 1 0 1 1 1 1
1 5 3 10 16 7 0 0 0 1 2 3 23 1 1
0 0 5 22 20 5 0 20 5 0 0 0 0 1 1
1 0 1 8 22 6 0 0 0 0 0 0 0 1 1
0 2 1 16 10 2 0 10 2 0 1 1 2 1 1
1 3 4 29 0 2 0 0 0 2 1 3 16 1 1
0 0 0 19 6 0 0 6 0 0 0 0 0 1 1
1 3 2 4 30 2 0 0 0 0 2 2 8 1 1
0 1 4 5 4 4 0 4 4 1 0 1 1 1 1
1 5 2 28 12 6 0 0 0 0 2 2 8 1 1
0 5 0 23 5 5 0 5 5 0 0 0 0 1 1
1 2 1 4 27 3 0 0 0 0 1 1 2 1 1
0 2 2 25 24 5 0 24 5 1 1 2 7 1 1
1 0 1 24 31 6 0 0 0 0 0 0 0 1 1
0 3 2 23 3 3 0 3 3 2 0 2 4 1 1
1 2 5 4 25 7 0 0 0 0 2 2 8 1 1
0 1 3 25 0 6 0 0 6 1 0 1 1 1 1
1 2 3 8 30 1 0 0 0 0 2 2 8 1 1
0 2 1 12 15 4 0 15 4 0 1 1 2 1 1
1 4 2 9 21 1 0 0 0 1 1 2 7 1 1
0 5 1 3 14 0 0 14 0 1 0 1 1 1 1
1 3 4 0 2 5 0 0 0 0 3 3 26 1 1
0 0 4 4 15 6 0 15 6 0 0 0 0 1 1
1 1 1 24 5 6 0 0 0 0 1 1 2 1 1
0 5 3 5 5 0 0 5 0 2 1 3 16 1 1
1 4 3 27 29 0 0 0 0 2 1 3 22 1 1
0 4 1 8 4 1 0 4 1 0 1 1 2 1 1
1 2 4 19 19 6 0 0 0 2 0 2 4 1 1
0 2 5 26 28 3 0 28 3 1 1 2 5 1 1
1 2 0 30 8 2 0 0 0 0 0 0 0 1 1
0 3 2 28 1 5 0 1 5 0 2 2 8 1 1
1 0 2 15 24 3 0 0 0 0 0 0 0 1 1
0 2 4 10 5 2 0 5 2 1 1 2 5 1 1
1 4 3 9 28 0 0 0 0 1 2 3 25 1 1
0 2 3 30 23 5 0 23 5 1 1 2 5 1 1
1 1 4 15 1 0 0 0 0 1 0 1 1 1 1
0 2 3 14 5 0 0 5 0 1 1 2 5 1 1
1 2 1 21 18 7 0 0 0 1 0 1 1 1 1
0 1 0 15 0 6 0 0 6 0 0 0 0 1 1
1 5 3 14 19 3 0 0 0 2 1 3 14 1 1
0 0 3 13 3 1 0 3 1 0 0 0 0 1 1
1 0 5 5 27 4 0 0 0 0 0 0 0 1 1
0 2 0 18 12 3 0 12 3 0 0 0 0 1 1
1 0 3 13 9 2 0 0 0 0 0 0 0 1 1
0 3 3 8 6 5 0 6 5 0 3 3 26 1 1
1 1 4 15 0 4 0 0 0 1 0 1 1 1 1
0 4 2 0 19 6 0 19 6 0 2 2 8 1 1
1 2 1 11 20 6 0 0 0 1 0 1 1 1 1
0 0 5 22 4 5 0 4 5 0 0 0 0 1 1
1 3 5 0 5 2 0 0 0 0 3 3 26 1 1
0 3 3 6 7 5 0 7 5 2 1 3 14 1 1
1 0 2 14 7 6 0 0 0 0 0 0 0 1 1
0 5 5 5 31 7 0 31 7 2 3 5 232 1 1
1 1 3 14 24 5 0 0 0 0 1 1 2 1 1
0 1 5 3 11 7 0 11 7 1 0 1 1 1 1
1 0 2 19 23 3 0 0 0 0 0 0 0 1 1
0 2 1 30 15 3 0 15 3 0 1 1 2 1 1
1 2 0 9 6 7 0 0 0 0 0 0 0 1 1
0 2 3 17 6 2 0 6 2 1 1 2 7 1 1
1 5 3 30 0 5 0 0 0 2 1 3 14 1 1
0 3 4 3 0 0 0 0 0 2 1 3 22 1 1
1 2 0 17 28 2 0 0 0 0 0 0 0 1 1
0 0 5 9 0 6 0 0 6 0 0 0 0 1 1
1 3 1 7 10 7 0 0 0 1 0 1 1 1 1
0 3 5 1 19 4 0 19 4 1 2 3 25 1 1
1 1 1 9 1 3 0 0 0 1 0 1 1 1 1
0 2 1 14 9 1 0 9 1 0 1 1 2 1 1
1 0 2 16 11 1 0 0 0 0 0 0 0 1 1
0 2 3 5 31 7 0 31 7 1 1 2 7 1 1
1 4 1 27 30 6 0 0 0 1 0 1 1 1 1
0 1 2 6 6 1 0 6 1 0 1 1 2 1 1
1 3 1 30 4 7 0 0 0 0 1 1 2 1 1
0 1 0 10 8 6 0 8 6 0 0 0 0 1 1
1 1 4 0 5 1 0 0 0 0 1 1 2 1 1
0 4 3 17 13 0 0 13 0 1 2 3 25 1 1
1 2 0 5 14 7 0 0 0 0 0 0 0 1 1
0 3 4 31 19 4 0 19 4 3 0 3 13 1 1
1 4 1 21 14 0 0 0 0 1 0 1 1 1 1
0 5 1 31 23 0 0 23 0 1 0 1 1 1 1
1 4 3 28 20 1 0 0 0 1 2 3 17 1 1
0 3 0 19 9 4 0 9 4 0 0 0 0 1 1
1 3 1 9 0 6 0 0 0 1 0 1 1 1 1
