2585872506 2 536870912 4 536870916 4
4059995495 2 536870912 4 536870916 4
7999096 2 536870912 4 536870916 4
2323203961 2 536870912 4 536870916 4
2702038149 2 536870912 4 536870916 4
1834637422 2 536870912 4 536870916 4
1084402589 2 536870912 4 536870916 4
160188456 2 536870912 4 536870916 4
2948726956 2 536870912 4 536870916 4
416004509 2 536870912 4 536870916 4
2931305906 2 536870912 4 536870916 4
3631388369 2 536870912 4 536870916 4
3027916968 2 536870912 4 536870916 4
2141877501 2 536870912 4 536870916 4
3848658849 2 536870912 4 536870916 4
1481159309 2 536870912 4 536870916 4
641665090 2 536870912 4 536870916 4
1959579487 2 536870912 4 536870916 4
227576381 2 536870912 4 536870916 4
1540848358 2 536870912 4 536870916 4
416437868 2 536870912 4 536870916 4
2689063878 2 536870912 4 536870916 4
867344185 2 536870912 4 536870916 4
1036791916 2 536870912 4 536870916 4
2195624457 2 536870912 4 536870916 4
607830180 2 536870912 4 536870916 4
2199782105 2 536870912 4 536870916 4
4016269080 2 536870912 4 536870916 4
2096976300 2 536870912 4 536870916 4
2030682621 2 536870912 4 536870916 4
1610427099 2 536870912 4 536870916 4
2175854420 2 536870912 4 536870916 4
1797078221 2 536870912 4 536870916 4
792075010 2 536870912 4 536870916 4
828990927 2 536870912 4 536870916 4
2484093179 2 536870912 4 536870916 4
1952373191 2 536870912 4 536870916 4
309148250 2 536870912 4 536870916 4
468172741 2 536870912 4 536870916 4
3295867895 2 536870912 4 536870916 4
4140822242 2 536870912 4 536870916 4
2508380880 2 536870912 4 536870916 4
3567788904 2 536870912 4 536870916 4
3699136154 2 536870912 4 536870916 4
2048712859 2 536870912 4 536870916 4
1461585734 2 536870912 4 536870916 4
1488081395 2 536870912 4 536870916 4
491460992 2 536870912 4 536870916 4
2424482578 2 536870912 4 536870916 4
179949170 2 536870912 4 536870916 4
3989753463 2 536870912 4 536870916 4
852570605 2 536870912 4 536870916 4
858867427 2 536870912 4 536870916 4
2021610932 2 536870912 4 536870916 4
3901575170 2 536870912 4 536870916 4
1013579452 2 536870912 4 536870916 4
3121760245 2 536870912 4 536870916 4
3330688873 2 536870912 4 536870916 4
1319110686 2 536870912 4 536870916 4
2393117005 2 536870912 4 536870916 4
2333473842 2 536870912 4 536870916 4
1181920670 2 536870912 4 536870916 4
4255053180 2 536870912 4 536870916 4
110684461 2 536870912 4 536870916 4
104609039 2 536870912 4 536870916 4
4157288261 2 536870912 4 536870916 4
2544699736 2 536870912 4 536870916 4
475054858 2 536870912 4 536870916 4
3727440680 2 536870912 4 536870916 4
3405359790 2 536870912 4 536870916 4
2501251076 2 536870912 4 536870916 4
2799583687 2 536870912 4 536870916 4
4144982284 2 536870912 4 536870916 4
916535896 2 536870912 4 536870916 4
1947740373 2 536870912 4 536870916 4
85267206 2 536870912 4 536870916 4
2304350366 2 536870912 4 536870916 4
2730927896 2 536870912 4 536870916 4
3245085510 2 536870912 4 536870916 4
1050618699 2 536870912 4 536870916 4
466949431 2 536870912 4 536870916 4
3201851748 2 536870912 4 536870916 4
1532544032 2 536870912 4 536870916 4
3849002966 2 536870912 4 536870916 4
4170962501 2 536870912 4 536870916 4
1277173222 2 536870912 4 536870916 4
4284837282 2 536870912 4 536870916 4
1697597231 2 536870912 4 536870916 4
1260726674 2 536870912 4 536870916 4
2868910329 2 536870912 4 536870916 4
3071298556 2 536870912 4 536870916 4
4013102487 2 536870912 4 536870916 4
3121116699 2 536870912 4 536870916 4
2962018220 2 536870912 4 536870916 4
2746698577 2 536870912 4 536870916 4
815430317 2 536870912 4 536870916 4
2727178621 2 536870912 4 536870916 4
3007795024 2 536870912 4 536870916 4
1143785903 2 536870912 4 536870916 4
1064236210 2 536870912 4 536870916 4
2077474720 2 536870912 4 536870916 4
1580560749 2 536870912 4 536870916 4
616452591 2 536870912 4 536870916 4
3811539727 2 536870912 4 536870916 4
104679164 2 536870912 4 536870916 4
1752495118 2 536870912 4 536870916 4
1629325662 2 536870912 4 536870916 4
3867425402 2 536870912 4 536870916 4
2366403405 2 536870912 4 536870916 4
4282808917 2 536870912 4 536870916 4
531599710 2 536870912 4 536870916 4
4009469808 2 536870912 4 536870916 4
1534203068 2 536870912 4 536870916 4
1701088305 2 536870912 4 536870916 4
4119054171 2 536870912 4 536870916 4
1293521822 2 536870912 4 536870916 4
3259056199 2 536870912 4 536870916 4
3945171397 2 536870912 4 536870916 4
268515021 2 536870912 4 536870916 4
2257863886 2 536870912 4 536870916 4
2602269560 2 536870912 4 536870916 4
2031826070 2 536870912 4 536870916 4
1592655855 2 536870912 4 536870916 4
3993792721 2 536870912 4 536870916 4
2773562277 2 536870912 4 536870916 4
56371716 2 536870912 4 536870916 4
4048986395 2 536870912 4 536870916 4
2253103312 2 536870912 4 536870916 4
4259067285 2 536870912 4 536870916 4
575107974 2 536870912 4 536870916 4
1715237938 2 536870912 4 536870916 4
1370505989 2 536870912 4 536870916 4
3076050212 2 536870912 4 536870916 4
3739037224 2 536870912 4 536870916 4
2112552610 2 536870912 4 536870916 4
1958326642 2 536870912 4 536870916 4
155572166 2 536870912 4 536870916 4
411112007 2 536870912 4 536870916 4
1197825707 2 536870912 4 536870916 4
4002531162 2 536870912 4 536870916 4
3304864838 2 536870912 4 536870916 4
4241546411 2 536870912 4 536870916 4
2888717819 2 536870912 4 536870916 4
1551378740 2 536870912 4 536870916 4
1736762140 2 536870912 4 536870916 4
1478874115 2 536870912 4 536870916 4
3456180122 2 536870912 4 536870916 4
2664676001 2 536870912 4 536870916 4
3015475143 2 536870912 4 536870916 4
2621168085 2 536870912 4 536870916 4
841903100 2 536870912 4 536870916 4
1579728667 2 536870912 4 536870916 4
3026922238 2 536870912 4 536870916 4
1648878536 2 536870912 4 536870916 4
2572036569 2 536870912 4 536870916 4
2117681843 2 536870912 4 536870916 4
3754811868 2 536870912 4 536870916 4
3685396826 2 536870912 4 536870916 4
1731509212 2 536870912 4 536870916 4
266915014 2 536870912 4 536870916 4
4032211179 2 536870912 4 536870916 4
2477606060 2 536870912 4 536870916 4
4215552019 2 536870912 4 536870916 4
3243113683 2 536870912 4 536870916 4
3582039020 2 536870912 4 536870916 4
2366047913 2 536870912 4 536870916 4
1642271603 2 536870912 4 536870916 4
2977406040 2 536870912 4 536870916 4
3499133061 2 536870912 4 536870916 4
690199989 2 536870912 4 536870916 4
2445274576 2 536870912 4 536870916 4
555006389 2 536870912 4 536870916 4
1271809751 2 536870912 4 536870916 4
3819395573 2 536870912 4 536870916 4
3612684048 2 536870912 4 536870916 4
4089855209 2 536870912 4 536870916 4
2115147099 2 536870912 4 536870916 4
1869955352 2 536870912 4 536870916 4
1901151859 2 536870912 4 536870916 4
77734306 2 536870912 4 536870916 4
4251122481 2 536870912 4 536870916 4
2902068500 2 536870912 4 536870916 4
1911644318 2 536870912 4 536870916 4
281803970 2 536870912 4 536870916 4
782893329 2 536870912 4 536870916 4
1602397523 2 536870912 4 536870916 4
3601946890 2 536870912 4 536870916 4
2553683682 2 536870912 4 536870916 4
1896366461 2 536870912 4 536870916 4
4006799978 2 536870912 4 536870916 4
757970221 2 536870912 4 536870916 4
1996629974 2 536870912 4 536870916 4
568047863 2 536870912 4 536870916 4
2997792179 2 536870912 4 536870916 4
2753444598 2 536870912 4 536870916 4
4018100042 2 536870912 4 536870916 4
370742347 2 536870912 4 536870916 4
2453364412 2 536870912 4 536870916 4
3548659683 2 536870912 4 536870916 4
1084647523 2 536870912 4 536870916 4
2883272037 2 536870912 4 536870916 4
1255485873 2 536870912 4 536870916 4
1863900075 2 536870912 4 536870916 4
3187375811 2 536870912 4 536870916 4
2820587086 2 536870912 4 536870916 4
2929729431 2 536870912 4 536870916 4
2723593429 2 536870912 4 536870916 4
2002953571 2 536870912 4 536870916 4
4215737493 2 536870912 4 536870916 4
3942243584 2 536870912 4 536870916 4
3134626789 2 536870912 4 536870916 4
3925444404 2 536870912 4 536870916 4
2535797680 2 536870912 4 536870916 4
892302350 2 536870912 4 536870916 4
44991783 2 536870912 4 536870916 4
2953758873 2 536870912 4 536870916 4
3461466875 2 536870912 4 536870916 4
3626281629 2 536870912 4 536870916 4
2551062176 2 536870912 4 536870916 4
2624892947 2 536870912 4 536870916 4
714477778 2 536870912 4 536870916 4
4010083463 2 536870912 4 536870916 4
1925219462 2 536870912 4 536870916 4
3325016255 2 536870912 4 536870916 4
3660956112 2 536870912 4 536870916 4
2631834993 2 536870912 4 536870916 4
1114477957 2 536870912 4 536870916 4
2682568381 2 536870912 4 536870916 4
3664851605 2 536870912 4 536870916 4
2832666704 2 536870912 4 536870916 4
465160795 2 536870912 4 536870916 4
3580721219 2 536870912 4 536870916 4
328381606 2 536870912 4 536870916 4
3141324480 2 536870912 4 536870916 4
306933269 2 536870912 4 536870916 4
3661058991 2 536870912 4 536870916 4
478312712 2 536870912 4 536870916 4
4037430171 2 536870912 4 536870916 4
1684060658 2 536870912 4 536870916 4
3097047978 2 536870912 4 536870916 4
665122514 2 536870912 4 536870916 4
2896821745 2 536870912 4 536870916 4
3601953970 2 536870912 4 536870916 4
2917334870 2 536870912 4 536870916 4
1626655094 2 536870912 4 536870916 4
2983533728 2 536870912 4 536870916 4
1055643606 2 536870912 4 536870916 4
3500312781 2 536870912 4 536870916 4
152187730 2 536870912 4 536870916 4
1681233791 2 536870912 4 536870916 4
1351978916 2 536870912 4 536870916 4
794390943 2 536870912 4 536870916 4
2195048003 2 536870912 4 536870916 4
3726312812 2 536870912 4 536870916 4
3739990495 2 536870912 4 536870916 4
2023019206 2 536870912 4 536870916 4
380791147 2 536870912 4 536870916 4
2067824643 2 536870912 4 536870916 4
3469466390 2 536870912 4 536870916 4
1349908466 2 536870912 4 536870916 4
690648011 2 536870912 4 536870916 4
260799044 2 536870912 4 536870916 4
77792907 2 536870912 4 536870916 4
1561485189 2 536870912 4 536870916 4
4139597438 2 536870912 4 536870916 4
2357211768 2 536870912 4 536870916 4
2293944054 2 536870912 4 536870916 4
4205151545 2 536870912 4 536870916 4
3462247460 2 536870912 4 536870916 4
2799348753 2 536870912 4 536870916 4
159519890 2 536870912 4 536870916 4
3421530721 2 536870912 4 536870916 4
1396897310 2 536870912 4 536870916 4
3178581374 2 536870912 4 536870916 4
2908956433 2 536870912 4 536870916 4
400345470 2 536870912 4 536870916 4
1183751156 2 536870912 4 536870916 4
3835750818 2 536870912 4 536870916 4
3389704999 2 536870912 4 536870916 4
841437767 2 536870912 4 536870916 4
1093391954 2 536870912 4 536870916 4
2583058781 2 536870912 4 536870916 4
2247819402 2 536870912 4 536870916 4
1275723846 2 536870912 4 536870916 4
3430566603 2 536870912 4 536870916 4
3802090910 2 536870912 4 536870916 4
1368202474 2 536870912 4 536870916 4
4036684460 2 536870912 4 536870916 4
2844430185 2 536870912 4 536870916 4
3210767780 2 536870912 4 536870916 4
3527758156 2 536870912 4 536870916 4
1476097060 2 536870912 4 536870916 4
2867184185 2 536870912 4 536870916 4
2012170832 2 536870912 4 536870916 4
1543191761 2 536870912 4 536870916 4
3889933414 2 536870912 4 536870916 4
3510443309 2 536870912 4 536870916 4
38773901 2 536870912 4 536870916 4
333723902 2 536870912 4 536870916 4
3004634050 2 536870912 4 536870916 4
2982916898 2 536870912 4 536870916 4
4169434850 2 536870912 4 536870916 4
976588099 2 536870912 4 536870916 4
1499015932 2 536870912 4 536870916 4
1099337848 2 536870912 4 536870916 4
2100008209 2 536870912 4 536870916 4
2987730357 2 536870912 4 536870916 4
3461843180 2 536870912 4 536870916 4
3106395846 2 536870912 4 536870916 4
3645060510 2 536870912 4 536870916 4
2198996670 2 536870912 4 536870916 4
306652108 2 536870912 4 536870916 4
3703528926 2 536870912 4 536870916 4
3567576837 2 536870912 4 536870916 4
1216711501 2 536870912 4 536870916 4
2768928527 2 536870912 4 536870916 4
752610439 2 536870912 4 536870916 4
3220928476 2 536870912 4 536870916 4
2105524885 2 536870912 4 536870916 4
2659333746 2 536870912 4 536870916 4
1159332276 2 536870912 4 536870916 4
1961232061 2 536870912 4 536870916 4
1612476097 2 536870912 4 536870916 4
2574682112 2 536870912 4 536870916 4
537484734 2 536870912 4 536870916 4
2343933810 2 536870912 4 536870916 4
1351181608 2 536870912 4 536870916 4
2735864196 2 536870912 4 536870916 4
1554245742 2 536870912 4 536870916 4
2174194097 2 536870912 4 536870916 4
2602097104 2 536870912 4 536870916 4
3555867131 2 536870912 4 536870916 4
3875932490 2 536870912 4 536870916 4
2211145847 2 536870912 4 536870916 4
353349604 2 536870912 4 536870916 4
2711470024 2 536870912 4 536870916 4
2859678258 2 536870912 4 536870916 4
1625856622 2 536870912 4 536870916 4
1338120552 2 536870912 4 536870916 4
3884742121 2 536870912 4 536870916 4
3778651676 2 536870912 4 536870916 4
51584192 2 536870912 4 536870916 4
946212633 2 536870912 4 536870916 4
430395210 2 536870912 4 536870916 4
4153079262 2 536870912 4 536870916 4
2231456147 2 536870912 4 536870916 4
3944694027 2 536870912 4 536870916 4
3114378135 2 536870912 4 536870916 4
3829542109 2 536870912 4 536870916 4
121349509 2 536870912 4 536870916 4
1894916061 2 536870912 4 536870916 4
4041258808 2 536870912 4 536870916 4
2298557256 2 536870912 4 536870916 4
2332875988 2 536870912 4 536870916 4
1412026879 2 536870912 4 536870916 4
121545434 2 536870912 4 536870916 4
2729194741 2 536870912 4 536870916 4
1674006162 2 536870912 4 536870916 4
3524080882 2 536870912 4 536870916 4
2794146912 2 536870912 4 536870916 4
2713670765 2 536870912 4 536870916 4
988098535 2 536870912 4 536870916 4
1890752848 2 536870912 4 536870916 4
1925822926 2 536870912 4 536870916 4
813180223 2 536870912 4 536870916 4
3145397872 2 536870912 4 536870916 4
2463367161 2 536870912 4 536870916 4
3855184260 2 536870912 4 536870916 4
3060672920 2 536870912 4 536870916 4
1254409895 2 536870912 4 536870916 4
2112629601 2 536870912 4 536870916 4
1216158633 2 536870912 4 536870916 4
2069626181 2 536870912 4 536870916 4
1070485288 2 536870912 4 536870916 4
2538289095 2 536870912 4 536870916 4
1684285740 2 536870912 4 536870916 4
2659395499 2 536870912 4 536870916 4
1914170486 2 536870912 4 536870916 4
832291362 2 536870912 4 536870916 4
389765526 2 536870912 4 536870916 4
2800198426 2 536870912 4 536870916 4
2591027220 2 536870912 4 536870916 4
2326221833 2 536870912 4 536870916 4
4215645337 2 536870912 4 536870916 4
2593145195 2 536870912 4 536870916 4
3001041161 2 536870912 4 536870916 4
2662253903 2 536870912 4 536870916 4
2597238378 2 536870912 4 536870916 4
3328664700 2 536870912 4 536870916 4
266326540 2 536870912 4 536870916 4
1097710907 2 536870912 4 536870916 4
962707747 2 536870912 4 536870916 4
3026590057 2 536870912 4 536870916 4
3944081609 2 536870912 4 536870916 4
3429273104 2 536870912 4 536870916 4
649294130 2 536870912 4 536870916 4
4272213469 2 536870912 4 536870916 4
3568698089 2 536870912 4 536870916 4
1112838304 2 536870912 4 536870916 4
2847329163 2 536870912 4 536870916 4
3886923508 2 536870912 4 536870916 4
2181334056 2 536870912 4 536870916 4
763057000 2 536870912 4 536870916 4
990141681 2 536870912 4 536870916 4
44630544 2 536870912 4 536870916 4
2614968621 2 536870912 4 536870916 4
304784432 2 536870912 4 536870916 4
19498244 2 536870912 4 536870916 4
3263920774 2 536870912 4 536870916 4
2102846743 2 536870912 4 536870916 4
4089316952 2 536870912 4 536870916 4
2315572406 2 536870912 4 536870916 4
794757292 2 536870912 4 536870916 4
272791850 2 536870912 4 536870916 4
3651357247 2 536870912 4 536870916 4
2577478131 2 536870912 4 536870916 4
207695918 2 536870912 4 536870916 4
3679179176 2 536870912 4 536870916 4
4102120433 2 536870912 4 536870916 4
3976690034 2 536870912 4 536870916 4
2677603994 2 536870912 4 536870916 4
3767204980 2 536870912 4 536870916 4
1438540354 2 536870912 4 536870916 4
2610067777 2 536870912 4 536870916 4
3827930114 2 536870912 4 536870916 4
3940438578 2 536870912 4 536870916 4
4195306724 2 536870912 4 536870916 4
889858760 2 536870912 4 536870916 4
3724915121 2 536870912 4 536870916 4
3681324618 2 536870912 4 536870916 4
501722850 2 536870912 4 536870916 4
710306195 2 536870912 4 536870916 4
3221540629 2 536870912 4 536870916 4
1246008223 2 536870912 4 536870916 4
4069187533 2 536870912 4 536870916 4
1963331730 2 536870912 4 536870916 4
577522669 2 536870912 4 536870916 4
1670877122 2 536870912 4 536870916 4
181090746 2 536870912 4 536870916 4
579274496 2 536870912 4 536870916 4
227966633 2 536870912 4 536870916 4
221271151 2 536870912 4 536870916 4
1515195488 2 536870912 4 536870916 4
3474410396 2 536870912 4 536870916 4
3835433116 2 536870912 4 536870916 4
299877699 2 536870912 4 536870916 4
1178417962 2 536870912 4 536870916 4
2114591490 2 536870912 4 536870916 4
2942242774 2 536870912 4 536870916 4
963229398 2 536870912 4 536870916 4
993186662 2 536870912 4 536870916 4
2843861657 2 536870912 4 536870916 4
448207714 2 536870912 4 536870916 4
2926210971 2 536870912 4 536870916 4
2031397296 2 536870912 4 536870916 4
1598120395 2 536870912 4 536870916 4
2675624501 2 536870912 4 536870916 4
132113615 2 536870912 4 536870916 4
2704319779 2 536870912 4 536870916 4
2495062759 2 536870912 4 536870916 4
1493994633 2 536870912 4 536870916 4
2980964513 2 536870912 4 536870916 4
2064736820 2 536870912 4 536870916 4
1790300597 2 536870912 4 536870916 4
4119851462 2 536870912 4 536870916 4
3053500201 2 536870912 4 536870916 4
666549513 2 536870912 4 536870916 4
170175876 2 536870912 4 536870916 4
3741333269 2 536870912 4 536870916 4
719391411 2 536870912 4 536870916 4
3130190825 2 536870912 4 536870916 4
1001824652 2 536870912 4 536870916 4
3148958542 2 536870912 4 536870916 4
4146159090 2 536870912 4 536870916 4
804159218 2 536870912 4 536870916 4
1218028068 2 536870912 4 536870916 4
3299097608 2 536870912 4 536870916 4
1936830637 2 536870912 4 536870916 4
2247584208 2 536870912 4 536870916 4
23576253 2 536870912 4 536870916 4
1996074825 2 536870912 4 536870916 4
294436263 2 536870912 4 536870916 4
3643924456 2 536870912 4 536870916 4
3937400646 2 536870912 4 536870916 4
3035553082 2 536870912 4 536870916 4
70705755 2 536870912 4 536870916 4
2462037794 2 536870912 4 536870916 4
1629361731 2 536870912 4 536870916 4
2660313260 2 536870912 4 536870916 4
1704791039 2 536870912 4 536870916 4
2012751899 2 536870912 4 536870916 4
1970532850 2 536870912 4 536870916 4
845813770 2 536870912 4 536870916 4
1423373431 2 536870912 4 536870916 4
2791707705 2 536870912 4 536870916 4
2952665418 2 536870912 4 536870916 4
144640372 2 536870912 4 536870916 4
1107530290 2 536870912 4 536870916 4
352602312 2 536870912 4 536870916 4
1753459431 2 536870912 4 536870916 4
1166406702 2 536870912 4 536870916 4
3631785735 2 536870912 4 536870916 4
4226943486 2 536870912 4 536870916 4
2572740523 2 536870912 4 536870916 4
1780939367 2 536870912 4 536870916 4
573204584 2 536870912 4 536870916 4
3049593220 2 536870912 4 536870916 4
1440228250 2 536870912 4 536870916 4
4237237541 2 536870912 4 536870916 4
455960872 2 536870912 4 536870916 4
2407934399 2 536870912 4 536870916 4
575900021 2 536870912 4 536870916 4
612767374 2 536870912 4 536870916 4
381351340 2 536870912 4 536870916 4
4254431161 2 536870912 4 536870916 4
385312311 2 536870912 4 536870916 4
132452329 2 536870912 4 536870916 4
3968007526 2 536870912 4 536870916 4
284981649 2 536870912 4 536870916 4
807047303 2 536870912 4 536870916 4
3736346581 2 536870912 4 536870916 4
1467280409 2 536870912 4 536870916 4
4060357791 2 536870912 4 536870916 4
1335733400 2 536870912 4 536870916 4
275303608 2 536870912 4 536870916 4
1592524830 2 536870912 4 536870916 4
3113799277 2 536870912 4 536870916 4
1104123313 2 536870912 4 536870916 4
2165482823 2 536870912 4 536870916 4
123076868 2 536870912 4 536870916 4
3626279624 2 536870912 4 536870916 4
4093393572 2 536870912 4 536870916 4
2862682147 2 536870912 4 536870916 4
2050292164 2 536870912 4 536870916 4
741187232 2 536870912 4 536870916 4
2030517368 2 536870912 4 536870916 4
2805460006 2 536870912 4 536870916 4
2478135146 2 536870912 4 536870916 4
3566384684 2 536870912 4 536870916 4
1721207120 2 536870912 4 536870916 4
3641011864 2 536870912 4 536870916 4
2192643177 2 536870912 4 536870916 4
3579616848 2 536870912 4 536870916 4
2922234755 2 536870912 4 536870916 4
1616497752 2 536870912 4 536870916 4
587504160 2 536870912 4 536870916 4
1488306264 2 536870912 4 536870916 4
4243268594 2 536870912 4 536870916 4
3890766939 2 536870912 4 536870916 4
29589937 2 536870912 4 536870916 4
3177528484 2 536870912 4 536870916 4
2549922540 2 536870912 4 536870916 4
177938665 2 536870912 4 536870916 4
373013762 2 536870912 4 536870916 4
3765285994 2 536870912 4 536870916 4
1747053863 2 536870912 4 536870916 4
3250501724 2 536870912 4 536870916 4
3601970119 2 536870912 4 536870916 4
2741599795 2 536870912 4 536870916 4
1879913995 2 536870912 4 536870916 4
1461257694 2 536870912 4 536870916 4
1340612653 2 536870912 4 536870916 4
2408020716 2 536870912 4 536870916 4
3478038576 2 536870912 4 536870916 4
152108696 2 536870912 4 536870916 4
2614558332 2 536870912 4 536870916 4
1396441035 2 536870912 4 536870916 4
1750901397 2 536870912 4 536870916 4
2184357068 2 536870912 4 536870916 4
3537414877 2 536870912 4 536870916 4
652548429 2 536870912 4 536870916 4
1571513400 2 536870912 4 536870916 4
2938880747 2 536870912 4 536870916 4
1772066558 2 536870912 4 536870916 4
2928270102 2 536870912 4 536870916 4
3557257571 2 536870912 4 536870916 4
3091158194 2 536870912 4 536870916 4
4277548547 2 536870912 4 536870916 4
316986734 2 536870912 4 536870916 4
641718242 2 536870912 4 536870916 4
3589335125 2 536870912 4 536870916 4
4042696278 2 536870912 4 536870916 4
2592371266 2 536870912 4 536870916 4
706684806 2 536870912 4 536870916 4
3177401803 2 536870912 4 536870916 4
1728654703 2 536870912 4 536870916 4
381850663 2 536870912 4 536870916 4
3921986852 2 536870912 4 536870916 4
1726953944 2 536870912 4 536870916 4
1365156711 2 536870912 4 536870916 4
762212952 2 536870912 4 536870916 4
1998635762 2 536870912 4 536870916 4
159068012 2 536870912 4 536870916 4
2309637643 2 536870912 4 536870916 4
3550962267 2 536870912 4 536870916 4
1366426116 2 536870912 4 536870916 4
3812203062 2 536870912 4 536870916 4
4122288309 2 536870912 4 536870916 4
3916783660 2 536870912 4 536870916 4
2588019053 2 536870912 4 536870916 4
2222027423 2 536870912 4 536870916 4
3775420226 2 536870912 4 536870916 4
2763267944 2 536870912 4 536870916 4
1048675677 2 536870912 4 536870916 4
985292069 2 536870912 4 536870916 4
1914768740 2 536870912 4 536870916 4
1971724250 2 536870912 4 536870916 4
3721848229 2 536870912 4 536870916 4
445882176 2 536870912 4 536870916 4
599770306 2 536870912 4 536870916 4
3537281893 2 536870912 4 536870916 4
2264249705 2 536870912 4 536870916 4
2580859183 2 536870912 4 536870916 4
2498084948 2 536870912 4 536870916 4
964306075 2 536870912 4 536870916 4
2067196265 2 536870912 4 536870916 4
1261399038 2 536870912 4 536870916 4
1563350027 2 536870912 4 536870916 4
1355658171 2 536870912 4 536870916 4
2468104864 2 536870912 4 536870916 4
2867004349 2 536870912 4 536870916 4
448398741 2 536870912 4 536870916 4
490240599 2 536870912 4 536870916 4
2715454269 2 536870912 4 536870916 4
3136383445 2 536870912 4 536870916 4
514516268 2 536870912 4 536870916 4
4104055199 2 536870912 4 536870916 4
397569746 2 536870912 4 536870916 4
1357292295 2 536870912 4 536870916 4
90757062 2 536870912 4 536870916 4
2744504330 2 536870912 4 536870916 4
844716025 2 536870912 4 536870916 4
664346220 2 536870912 4 536870916 4
3183833210 2 536870912 4 536870916 4
3308078213 2 536870912 4 536870916 4
400514919 2 536870912 4 536870916 4
1323613253 2 536870912 4 536870916 4
2157119483 2 536870912 4 536870916 4
123581941 2 536870912 4 536870916 4
1467285842 2 536870912 4 536870916 4
3199151909 2 536870912 4 536870916 4
3683202068 2 536870912 4 536870916 4
487430412 2 536870912 4 536870916 4
2785647184 2 536870912 4 536870916 4
2810564230 2 536870912 4 536870916 4
1331944375 2 536870912 4 536870916 4
876257082 2 536870912 4 536870916 4
2351803278 2 536870912 4 536870916 4
2462263515 2 536870912 4 536870916 4
1097490331 2 536870912 4 536870916 4
2026026597 2 536870912 4 536870916 4
588348546 2 536870912 4 536870916 4
331486532 2 536870912 4 536870916 4
2761400630 2 536870912 4 536870916 4
1706673364 2 536870912 4 536870916 4
303365037 2 536870912 4 536870916 4
3083956477 2 536870912 4 536870916 4
391788585 2 536870912 4 536870916 4
998805363 2 536870912 4 536870916 4
1598899213 2 536870912 4 536870916 4
3979622312 2 536870912 4 536870916 4
4247174999 2 536870912 4 536870916 4
335393448 2 536870912 4 536870916 4
1287643139 2 536870912 4 536870916 4
1898276126 2 536870912 4 536870916 4
2368877907 2 536870912 4 536870916 4
2311198563 2 536870912 4 536870916 4
2745005793 2 536870912 4 536870916 4
3331181870 2 536870912 4 536870916 4
3862794976 2 536870912 4 536870916 4
2336570403 2 536870912 4 536870916 4
4230466817 2 536870912 4 536870916 4
2248291747 2 536870912 4 536870916 4
1974325866 2 536870912 4 536870916 4
2037792661 2 536870912 4 536870916 4
4265810823 2 536870912 4 536870916 4
1450489494 2 536870912 4 536870916 4
1531496542 2 536870912 4 536870916 4
2199922264 2 536870912 4 536870916 4
254610542 2 536870912 4 536870916 4
4269124938 2 536870912 4 536870916 4
3851332477 2 536870912 4 536870916 4
3427952791 2 536870912 4 536870916 4
50614712 2 536870912 4 536870916 4
2427404767 2 536870912 4 536870916 4
3873884368 2 536870912 4 536870916 4
224080507 2 536870912 4 536870916 4
2703447532 2 536870912 4 536870916 4
3255808613 2 536870912 4 536870916 4
615629958 2 536870912 4 536870916 4
1478755101 2 536870912 4 536870916 4
3893851314 2 536870912 4 536870916 4
2826794354 2 536870912 4 536870916 4
3818500466 2 536870912 4 536870916 4
2926441124 2 536870912 4 536870916 4
288355384 2 536870912 4 536870916 4
529831514 2 536870912 4 536870916 4
1797795798 2 536870912 4 536870916 4
2306067026 2 536870912 4 536870916 4
119252968 2 536870912 4 536870916 4
3047469858 2 536870912 4 536870916 4
1085379879 2 536870912 4 536870916 4
2141047589 2 536870912 4 536870916 4
3002614078 2 536870912 4 536870916 4
1764298393 2 536870912 4 536870916 4
4191898374 2 536870912 4 536870916 4
1632330602 2 536870912 4 536870916 4
2324119793 2 536870912 4 536870916 4
936627469 2 536870912 4 536870916 4
1868274820 2 536870912 4 536870916 4
3356377313 2 536870912 4 536870916 4
2217059942 2 536870912 4 536870916 4
2237715957 2 536870912 4 536870916 4
2371260507 2 536870912 4 536870916 4
22028225 2 536870912 4 536870916 4
3786277828 2 536870912 4 536870916 4
786461717 2 536870912 4 536870916 4
3504108100 2 536870912 4 536870916 4
2606030790 2 536870912 4 536870916 4
504228207 2 536870912 4 536870916 4
2728215660 2 536870912 4 536870916 4
3608249918 2 536870912 4 536870916 4
1606160212 2 536870912 4 536870916 4
3969791003 2 536870912 4 536870916 4
2447418055 2 536870912 4 536870916 4
3760859840 2 536870912 4 536870916 4
3163517430 2 536870912 4 536870916 4
1262658207 2 536870912 4 536870916 4
2826820865 2 536870912 4 536870916 4
2901049451 2 536870912 4 536870916 4
2289606592 2 536870912 4 536870916 4
3919669400 2 536870912 4 536870916 4
3712563139 2 536870912 4 536870916 4
3795304047 2 536870912 4 536870916 4
3686411843 2 536870912 4 536870916 4
772378671 2 536870912 4 536870916 4
3427274928 2 536870912 4 536870916 4
245506549 2 536870912 4 536870916 4
260820132 2 536870912 4 536870916 4
1527250587 2 536870912 4 536870916 4
2330070975 2 536870912 4 536870916 4
3951689897 2 536870912 4 536870916 4
2868475969 2 536870912 4 536870916 4
2595287178 2 536870912 4 536870916 4
3180058440 2 536870912 4 536870916 4
2221542443 2 536870912 4 536870916 4
3393238636 2 536870912 4 536870916 4
753448189 2 536870912 4 536870916 4
1857256505 2 536870912 4 536870916 4
2317267089 2 536870912 4 536870916 4
422600085 2 536870912 4 536870916 4
3851147287 2 536870912 4 536870916 4
2446875958 2 536870912 4 536870916 4
508412703 2 536870912 4 536870916 4
3192140683 2 536870912 4 536870916 4
2757578260 2 536870912 4 536870916 4
2747584193 2 536870912 4 536870916 4
4153362968 2 536870912 4 536870916 4
2348460887 2 536870912 4 536870916 4
560357088 2 536870912 4 536870916 4
3506258388 2 536870912 4 536870916 4
3311379603 2 536870912 4 536870916 4
2269271565 2 536870912 4 536870916 4
527028952 2 536870912 4 536870916 4
465940736 2 536870912 4 536870916 4
676233382 2 536870912 4 536870916 4
2535731002 2 536870912 4 536870916 4
1919157944 2 536870912 4 536870916 4
47699952 2 536870912 4 536870916 4
881081698 2 536870912 4 536870916 4
1875679478 2 536870912 4 536870916 4
1944159516 2 536870912 4 536870916 4
3005015647 2 536870912 4 536870916 4
243028887 2 536870912 4 536870916 4
2514285791 2 536870912 4 536870916 4
3709187451 2 536870912 4 536870916 4
2790149624 2 536870912 4 536870916 4
1896614217 2 536870912 4 536870916 4
2984859238 2 536870912 4 536870916 4
538856331 2 536870912 4 536870916 4
373778142 2 536870912 4 536870916 4
590912514 2 536870912 4 536870916 4
4058597404 2 536870912 4 536870916 4
1411138749 2 536870912 4 536870916 4
2632575179 2 536870912 4 536870916 4
2423573312 2 536870912 4 536870916 4
4140103462 2 536870912 4 536870916 4
1332926740 2 536870912 4 536870916 4
864011135 2 536870912 4 536870916 4
229846209 2 536870912 4 536870916 4
2639793356 2 536870912 4 536870916 4
988943403 2 536870912 4 536870916 4
1595320139 2 536870912 4 536870916 4
4234756412 2 536870912 4 536870916 4
41105318 2 536870912 4 536870916 4
3732973319 2 536870912 4 536870916 4
1188745636 2 536870912 4 536870916 4
1019444718 2 536870912 4 536870916 4
3744288486 2 536870912 4 536870916 4
4162764510 2 536870912 4 536870916 4
3889034984 2 536870912 4 536870916 4
2167633541 2 536870912 4 536870916 4
3697076708 2 536870912 4 536870916 4
2864967181 2 536870912 4 536870916 4
331266943 2 536870912 4 536870916 4
2902674083 2 536870912 4 536870916 4
2980743107 2 536870912 4 536870916 4
3637498869 2 536870912 4 536870916 4
191381539 2 536870912 4 536870916 4
32060550 2 536870912 4 536870916 4
700294510 2 536870912 4 536870916 4
2144684982 2 536870912 4 536870916 4
555530939 2 536870912 4 536870916 4
1427431477 2 536870912 4 536870916 4
4009701422 2 536870912 4 536870916 4
2032502347 2 536870912 4 536870916 4
2297085028 2 536870912 4 536870916 4
201862534 2 536870912 4 536870916 4
308172150 2 536870912 4 536870916 4
1653713744 2 536870912 4 536870916 4
981917035 2 536870912 4 536870916 4
995679475 2 536870912 4 536870916 4
1216068717 2 536870912 4 536870916 4
4025113211 2 536870912 4 536870916 4
523510845 2 536870912 4 536870916 4
3860202862 2 536870912 4 536870916 4
546725589 2 536870912 4 536870916 4
3281467844 2 536870912 4 536870916 4
2957804216 2 536870912 4 536870916 4
2823658779 2 536870912 4 536870916 4
396313244 2 536870912 4 536870916 4
2407231240 2 536870912 4 536870916 4
4294401275 2 536870912 4 536870916 4
3143779811 2 536870912 4 536870916 4
1890963888 2 536870912 4 536870916 4
2154800583 2 536870912 4 536870916 4
2458860851 2 536870912 4 536870916 4
214295711 2 536870912 4 536870916 4
1232749597 2 536870912 4 536870916 4
1535664599 2 536870912 4 536870916 4
3358202424 2 536870912 4 536870916 4
3900450558 2 536870912 4 536870916 4
1860760881 2 536870912 4 536870916 4
651343255 2 536870912 4 536870916 4
3190592641 2 536870912 4 536870916 4
450511542 2 536870912 4 536870916 4
3008468684 2 536870912 4 536870916 4
3821407226 2 536870912 4 536870916 4
592805902 2 536870912 4 536870916 4
2562967426 2 536870912 4 536870916 4
3111559280 2 536870912 4 536870916 4
878123083 2 536870912 4 536870916 4
3177274715 2 536870912 4 536870916 4
175028722 2 536870912 4 536870916 4
3355400038 2 536870912 4 536870916 4
1410379469 2 536870912 4 536870916 4
2551644744 2 536870912 4 536870916 4
2300311805 2 536870912 4 536870916 4
2223482196 2 536870912 4 536870916 4
2354259097 2 536870912 4 536870916 4
1790251370 2 536870912 4 536870916 4
3823599403 2 536870912 4 536870916 4
2663082105 2 536870912 4 536870916 4
2822554930 2 536870912 4 536870916 4
212742163 2 536870912 4 536870916 4
400442371 2 536870912 4 536870916 4
2131710672 2 536870912 4 536870916 4
921520900 2 536870912 4 536870916 4
1664226366 2 536870912 4 536870916 4
148490023 2 536870912 4 536870916 4
16037062 2 536870912 4 536870916 4
3879051033 2 536870912 4 536870916 4
2817914785 2 536870912 4 536870916 4
3708468403 2 536870912 4 536870916 4
2605070188 2 536870912 4 536870916 4
898023736 2 536870912 4 536870916 4
848206876 2 536870912 4 536870916 4
1063370800 2 536870912 4 536870916 4
1465104359 2 536870912 4 536870916 4
4192879485 2 536870912 4 536870916 4
1772032104 2 536870912 4 536870916 4
2928544670 2 536870912 4 536870916 4
2472218281 2 536870912 4 536870916 4
1051960237 2 536870912 4 536870916 4
20632234 2 536870912 4 536870916 4
4216829050 2 536870912 4 536870916 4
514803021 2 536870912 4 536870916 4
1550062590 2 536870912 4 536870916 4
349668867 2 536870912 4 536870916 4
2509579820 2 536870912 4 536870916 4
1821928282 2 536870912 4 536870916 4
268513980 2 536870912 4 536870916 4
1352354523 2 536870912 4 536870916 4
4010442877 2 536870912 4 536870916 4
2005479071 2 536870912 4 536870916 4
132670702 2 536870912 4 536870916 4
2153630974 2 536870912 4 536870916 4
3367213024 2 536870912 4 536870916 4
2598033393 2 536870912 4 536870916 4
2785243275 2 536870912 4 536870916 4
1400699124 2 536870912 4 536870916 4
69099226 2 536870912 4 536870916 4
4211494615 2 536870912 4 536870916 4
2284410737 2 536870912 4 536870916 4
1809141675 2 536870912 4 536870916 4
1840590672 2 536870912 4 536870916 4
2532275251 2 536870912 4 536870916 4
3766495698 2 536870912 4 536870916 4
1126267046 2 536870912 4 536870916 4
2506163293 2 536870912 4 536870916 4
3042915319 2 536870912 4 536870916 4
307771190 2 536870912 4 536870916 4
3280798668 2 536870912 4 536870916 4
2738160614 2 536870912 4 536870916 4
1824603234 2 536870912 4 536870916 4
476445823 2 536870912 4 536870916 4
2714522440 2 536870912 4 536870916 4
2003367041 2 536870912 4 536870916 4
2593257309 2 536870912 4 536870916 4
2536192677 2 536870912 4 536870916 4
4031627404 2 536870912 4 536870916 4
3238542135 2 536870912 4 536870916 4
3381076550 2 536870912 4 536870916 4
405717511 2 536870912 4 536870916 4
1949789639 2 536870912 4 536870916 4
4170355578 2 536870912 4 536870916 4
1855558285 2 536870912 4 536870916 4
2515127213 2 536870912 4 536870916 4
3270956361 2 536870912 4 536870916 4
794034127 2 536870912 4 536870916 4
3038863924 2 536870912 4 536870916 4
3070082204 2 536870912 4 536870916 4
490734139 2 536870912 4 536870916 4
890874380 2 536870912 4 536870916 4
262130822 2 536870912 4 536870916 4
2594836333 2 536870912 4 536870916 4
1586083219 2 536870912 4 536870916 4
350410829 2 536870912 4 536870916 4
3134441645 2 536870912 4 536870916 4
3267821729 2 536870912 4 536870916 4
878889439 2 536870912 4 536870916 4
781316161 2 536870912 4 536870916 4
2948948482 2 536870912 4 536870916 4
3410723433 2 536870912 4 536870916 4
3946164606 2 536870912 4 536870916 4
1381953247 2 536870912 4 536870916 4
3105268882 2 536870912 4 536870916 4
843180567 2 536870912 4 536870916 4
3238197603 2 536870912 4 536870916 4
4057869124 2 536870912 4 536870916 4
2290897759 2 536870912 4 536870916 4
588027853 2 536870912 4 536870916 4
4181522197 2 536870912 4 536870916 4
1076361190 2 536870912 4 536870916 4
2404372399 2 536870912 4 536870916 4
1766064753 2 536870912 4 536870916 4
3922985522 2 536870912 4 536870916 4
538799852 2 536870912 4 536870916 4
317187577 2 536870912 4 536870916 4
867746923 2 536870912 4 536870916 4
3355268949 2 536870912 4 536870916 4
3825825186 2 536870912 4 536870916 4
804449480 2 536870912 4 536870916 4
2964436167 2 536870912 4 536870916 4
1471695701 2 536870912 4 536870916 4
1904656941 2 536870912 4 536870916 4
3356516386 2 536870912 4 536870916 4
1178421599 2 536870912 4 536870916 4
4008758053 2 536870912 4 536870916 4
3631723824 2 536870912 4 536870916 4
1200450324 2 536870912 4 536870916 4
959768153 2 536870912 4 536870916 4
1053266057 2 536870912 4 536870916 4
2133775195 2 536870912 4 536870916 4
2704402604 2 536870912 4 536870916 4
2478744569 2 536870912 4 536870916 4
3311724242 2 536870912 4 536870916 4
204562420 2 536870912 4 536870916 4
2356416753 2 536870912 4 536870916 4
342185700 2 536870912 4 536870916 4
2707065716 2 536870912 4 536870916 4
3432236521 2 536870912 4 536870916 4
1410503774 2 536870912 4 536870916 4
498953874 2 536870912 4 536870916 4
1673533860 2 536870912 4 536870916 4
4269347582 2 536870912 4 536870916 4
1791618101 2 536870912 4 536870916 4
381309568 2 536870912 4 536870916 4
2780907545 2 536870912 4 536870916 4
1153280723 2 536870912 4 536870916 4
605754965 2 536870912 4 536870916 4
720713481 2 536870912 4 536870916 4
2246316098 2 536870912 4 536870916 4
3674539311 2 536870912 4 536870916 4
2147702104 2 536870912 4 536870916 4
3109123120 2 536870912 4 536870916 4
394101189 2 536870912 4 536870916 4
3182842346 2 536870912 4 536870916 4
3630157221 2 536870912 4 536870916 4
1717859293 2 536870912 4 536870916 4
