1046286009 3179405805 3158234167 20 345 12 20 262 17 0 0
1036831949 1036831949 1036831949 3 0 13 20 215 3 1 14
1041865114 1036831949 1036831949 57 0 11 15 145 57 1 11
3196626903 3192704205 1046351895 63 0 7 12 114 63 1 7
1036831949 1036831949 1036831949 34 0 8 8 245 17 0 0
1065353216 3183739594 3191437066 28 0 18 18 194 28 1 18
3179889500 1047442339 3183615964 57 104 0 5 104 17 0 0
1018310055 3187739719 1041835717 38 116 0 12 117 38 117 1
2143289344 1036831949 1036831949 1 0 7 18 222 1 1 8
2143289344 2143289344 2143289344 67 0 1 19 254 67 1 1
3197163461 1041671215 1049702298 22 4294967295 0 10 126 22 0 0
1036831949 1036831949 1036831949 60 0 4294967295 17 134 60 1 0
1065353216 3163295869 1049473698 14 0 15 10 234 17 0 0
1027417869 3195772830 3194785767 7 14 22 18 226 17 0 0
1036831949 1036831949 1036831949 30 0 19 18 136 17 0 0
1041865114 1036831949 1036831949 50 0 0 18 194 50 1 0
1040749599 3192704205 3124866264 22 0 7 12 256 22 1 7
1036831949 1036831949 1036831949 33 0 7 7 164 17 0 0
1065353216 3197725947 1049377477 53 0 20 20 201 53 1 20
3197406632 3194186370 1037803550 34 171 0 14 171 17 0 0
3192236207 1045530934 3194875114 48 227 0 18 228 48 228 0
2143289344 1036831949 1036831949 36 0 2 5 131 36 1 3
2143289344 2143289344 2143289344 56 0 23 13 202 17 0 0
3182552585 3191917588 1041119781 33 4294967295 0 12 250 33 0 0
1036831949 1036831949 1036831949 42 0 4294967295 8 273 42 1 0
1065353216 3177687967 3196435442 57 0 16 11 195 17 0 0
1047771198 3196545942 3196352539 41 240 19 8 217 17 0 0
1036831949 1036831949 1036831949 64 0 0 7 113 64 1 1
1041865114 1036831949 1036831949 11 0 15 7 166 17 0 0
1013807334 3192704205 1040845867 64 0 16 11 286 17 0 0
1036831949 1036831949 1036831949 71 0 12 12 194 17 0 0
1065353216 3154527793 3193066248 51 0 17 17 107 51 1 17
1048213897 3187832878 3191923227 31 190 0 19 190 17 0 0
3196295633 3192353763 1041555878 49 207 0 7 208 49 208 0
2143289344 1036831949 1036831949 66 0 7 7 123 17 0 0
2143289344 2143289344 2143289344 65 0 3 13 271 65 1 3
3162217316 1033706782 3186021104 1 4294967295 0 13 124 1 0 1
1036831949 1036831949 1036831949 70 0 4294967295 15 286 70 1 0
1065353216 3191175997 3129649552 0 0 20 15 286 17 0 0
3196169373 3189051950 3180983425 20 87 23 8 128 17 0 0
1036831949 1036831949 1036831949 65 0 11 5 228 17 0 0
1041865114 1036831949 1036831949 51 0 22 8 167 17 0 0
3195023023 3192704205 1048793219 75 0 18 17 229 17 0 0
1036831949 1036831949 1036831949 65 0 6 6 105 17 0 0
1065353216 3166126854 1040182768 2 0 13 13 169 2 1 13
1031975694 3194508456 971662432 30 291 0 20 291 17 0 0
3175219203 1013607212 1023832371 70 170 0 13 171 70 171 1
2143289344 1036831949 1036831949 25 0 18 17 197 17 0 0
2143289344 2143289344 2143289344 7 0 8 8 276 7 1 8
1043143589 3194888212 3185561941 63 4294967295 0 15 231 63 0 0
1036831949 1036831949 1036831949 60 0 4294967295 10 145 60 1 0
1065353216 1033361144 1027165920 74 0 20 15 248 17 0 0
3186163156 3177576103 1041717988 46 337 22 6 206 17 0 0
1036831949 1036831949 1036831949 40 0 25 7 119 17 0 0
1041865114 1036831949 1036831949 52 0 2 18 149 52 1 2
3195489602 3192704205 1046698787 71 0 18 14 167 17 0 0
1036831949 1036831949 1036831949 5 0 20 20 175 17 0 0
1065353216 1049687210 1045098326 59 0 17 17 231 59 1 17
1043178256 3186962498 1045173520 41 272 0 11 272 17 0 0
3162861197 3197711691 3197208600 12 108 0 18 109 12 109 0
2143289344 1036831949 1036831949 3 0 1 13 175 3 1 2
2143289344 2143289344 2143289344 64 0 8 10 235 64 1 8
3172663723 3179943430 1044121552 16 4294967295 0 5 105 16 0 0
1036831949 1036831949 1036831949 76 0 4294967295 16 219 76 1 0
1065353216 3175777437 3196493706 53 0 25 20 294 17 0 0
3191240168 3189563372 3196360614 23 0 17 10 224 17 0 0
1036831949 1036831949 1036831949 11 0 25 5 116 17 0 0
1041865114 1036831949 1036831949 40 0 18 14 215 17 0 0
3192945979 3192704205 3197620844 50 0 5 19 207 50 1 5
1036831949 1036831949 1036831949 54 0 5 5 230 17 0 0
1065353216 1002507721 3183903633 5 0 18 18 241 5 1 18
1012352910 1005556382 3162344461 61 232 0 6 232 17 0 0
3182001520 3182746016 3194053411 74 115 0 5 116 74 116 0
2143289344 1036831949 1036831949 55 0 17 20 276 55 1 18
2143289344 2143289344 2143289344 69 0 1 15 126 69 1 1
1028936585 3196149553 1035159411 38 4294967295 0 18 135 38 0 0
1036831949 1036831949 1036831949 67 0 4294967295 20 235 67 1 0
1065353216 3173498775 1030252637 38 0 22 17 294 17 0 0
1040907600 3166363163 3185012696 37 16 15 19 112 37 17 16
1036831949 1036831949 1036831949 72 0 4 14 270 72 1 5
1041865114 1036831949 1036831949 48 0 11 9 294 17 0 0
3191895703 3192704205 3170794389 30 0 17 12 271 17 0 0
1036831949 1036831949 1036831949 21 0 5 5 123 17 0 0
1065353216 1028296024 3194632861 51 0 11 11 199 51 1 11
3190922594 1048903950 1048566842 26 141 0 17 141 17 0 0
3190613188 3185832681 3191199087 36 212 0 13 213 36 213 0
2143289344 1036831949 1036831949 35 0 18 8 201 17 0 0
2143289344 2143289344 2143289344 43 0 22 20 206 17 0 0
3196915720 3191230450 3197003717 68 4294967295 0 6 280 68 0 0
1036831949 1036831949 1036831949 21 0 4294967295 6 262 21 1 0
1065353216 3192799323 1046137684 72 0 22 17 258 17 0 0
3162352137 3196067607 1023537675 43 329 25 6 115 17 0 0
1036831949 1036831949 1036831949 68 0 10 10 207 17 0 0
1041865114 1036831949 1036831949 17 0 21 7 194 17 0 0
3192609383 3192704205 3192956233 49 0 9 5 131 17 0 0
1036831949 1036831949 1036831949 38 0 6 6 214 17 0 0
1065353216 1035872860 3189081911 17 0 14 14 152 17 1 14
3189095862 3191305287 3191372107 42 260 0 17 260 17 0 0
1050117817 3195398262 1049078933 38 159 0 19 160 38 160 0
2143289344 1036831949 1036831949 43 0 20 8 249 17 0 0
2143289344 2143289344 2143289344 13 0 20 13 169 17 0 0
3181893879 3188318595 3188270239 67 4294967295 0 11 234 67 0 1
1036831949 1036831949 1036831949 55 0 4294967295 8 177 55 1 0
1065353216 3188683006 1033818930 34 0 15 10 131 17 0 0
3195700436 1025472752 1044710722 75 243 21 12 214 17 0 0
1036831949 1036831949 1036831949 22 0 7 14 244 22 1 8
1041865114 1036831949 1036831949 7 0 21 8 236 17 0 0
1050147534 3192704205 3191352647 35 0 10 8 198 17 0 0
1036831949 1036831949 1036831949 36 0 20 20 249 17 0 0
1065353216 3186305110 1041062549 66 0 17 17 140 66 1 17
3185876363 1016725518 1033916805 44 274 0 14 274 17 0 0
3196834777 1018578617 3197615388 49 109 0 12 110 49 110 0
2143289344 1036831949 1036831949 77 0 5 15 217 77 1 6
2143289344 2143289344 2143289344 3 0 25 6 134 17 0 0
3193581442 3190036925 1038698106 23 4294967295 0 12 290 23 0 0
1036831949 1036831949 1036831949 14 0 4294967295 19 262 14 1 0
1065353216 1036606144 3171664039 13 0 11 6 237 17 0 0
3185062364 1043380514 3194114319 23 53 25 6 224 17 0 0
1036831949 1036831949 1036831949 32 0 3 16 296 32 1 4
1041865114 1036831949 1036831949 71 0 18 15 211 17 0 0
3195933971 3192704205 1045926517 12 0 6 13 184 12 1 6
1036831949 1036831949 1036831949 6 0 10 10 200 17 0 0
1065353216 1046504226 1048744369 51 0 11 11 288 51 1 11
3172702454 3197709488 3185931014 63 228 0 13 228 17 0 0
3192831525 1045922889 3189894623 47 154 0 17 155 47 155 0
2143289344 1036831949 1036831949 4 0 24 17 127 17 0 0
2143289344 2143289344 2143289344 32 0 3 10 103 32 1 3
1038254820 1046012283 3187503788 66 4294967295 0 20 178 66 0 0
1036831949 1036831949 1036831949 16 0 4294967295 9 246 16 1 0
1065353216 1039675271 1022000422 52 0 16 11 236 17 0 0
3196224712 3172373010 1043520513 13 35 22 11 260 17 0 0
1036831949 1036831949 1036831949 13 0 13 5 165 17 0 0
1041865114 1036831949 1036831949 8 0 8 9 128 8 1 8
3197445311 3192704205 3196268165 33 0 18 10 125 17 0 0
1036831949 1036831949 1036831949 37 0 18 18 200 17 0 0
1065353216 3191877626 3194818027 11 0 16 16 204 11 1 16
1045715258 3196967066 3197659601 63 234 0 8 234 17 0 0
1047466369 1040236162 3196560111 77 165 0 17 166 77 166 0
2143289344 1036831949 1036831949 72 0 2 12 159 72 1 3
2143289344 2143289344 2143289344 23 0 1 14 234 23 1 1
3193155157 1044280331 3190141178 71 4294967295 0 13 132 71 0 0
1036831949 1036831949 1036831949 31 0 4294967295 15 267 31 1 0
1065353216 3181332305 1035110531 47 0 18 13 145 17 0 0
1038431397 1032212831 1027017610 4 172 20 14 142 17 0 0
1036831949 1036831949 1036831949 55 0 3 6 144 55 1 4
1041865114 1036831949 1036831949 51 0 4 17 196 51 1 4
1034805634 3192704205 1047007192 76 0 1 11 284 76 1 1
1036831949 1036831949 1036831949 12 0 19 19 207 17 0 0
1065353216 1033092698 3189889125 23 0 8 8 127 23 1 8
3195852096 1021887744 3190779333 27 192 0 11 192 17 0 0
1042912458 3185349445 3197509354 66 201 0 5 202 66 202 0
2143289344 1036831949 1036831949 24 0 17 20 114 24 1 18
2143289344 2143289344 2143289344 55 0 21 8 209 17 0 0
1032322086 3187118039 1030882732 69 4294967295 0 13 249 69 0 1
1036831949 1036831949 1036831949 72 0 4294967295 18 300 72 1 0
1065353216 1048113412 1048756404 1 0 13 8 184 17 0 0
1042277552 3176061336 1045612280 69 119 21 6 131 17 0 0
1036831949 1036831949 1036831949 17 0 0 8 185 17 1 1
1041865114 1036831949 1036831949 34 0 19 5 273 17 0 0
1049191089 3192704205 1043893589 3 0 23 11 262 17 0 0
1036831949 1036831949 1036831949 52 0 8 8 257 17 0 0
1065353216 3153978580 1045274536 1 0 18 18 118 1 1 18
3191255603 1049138298 3197063971 5 249 0 7 249 17 0 0
1049570968 3196724655 3194198163 57 169 0 17 170 57 170 0
2143289344 1036831949 1036831949 77 0 23 10 122 17 0 0
2143289344 2143289344 2143289344 10 0 3 11 299 10 1 3
3174572033 3188893480 1046788407 9 4294967295 0 10 208 9 0 0
1036831949 1036831949 1036831949 50 0 4294967295 15 251 50 1 0
1065353216 3190873332 1027450738 39 0 15 10 181 17 0 0
3159867583 3177772093 3197497149 13 127 1 9 265 13 128 1
1036831949 1036831949 1036831949 76 0 8 9 155 76 1 9
1041865114 1036831949 1036831949 27 0 14 15 218 27 1 14
3194776515 3192704205 3189149947 36 0 8 12 158 36 1 8
1036831949 1036831949 1036831949 35 0 7 7 108 17 0 0
1065353216 1048775688 1044218574 61 0 19 19 298 61 1 19
1039989321 3172848787 1049826075 32 155 0 6 155 17 0 0
1035546390 1026225115 3182246301 10 202 0 11 203 10 203 1
2143289344 1036831949 1036831949 32 0 25 10 250 17 0 0
2143289344 2143289344 2143289344 30 0 5 10 103 30 1 5
1044458214 3193144471 1030928491 39 4294967295 0 7 237 39 0 0
1036831949 1036831949 1036831949 31 0 4294967295 8 107 31 1 0
1065353216 3196778130 3189455976 49 0 16 11 274 17 0 0
1040235106 3191690085 1049574991 38 135 23 18 127 17 0 0
1036831949 1036831949 1036831949 64 0 13 13 134 17 0 0
1041865114 1036831949 1036831949 16 0 25 20 153 17 0 0
1041322084 3192704205 3190191108 46 0 21 10 136 17 0 0
1036831949 1036831949 1036831949 64 0 12 12 162 17 0 0
1065353216 3190903862 3172734686 24 0 9 9 287 24 1 9
1048383068 3194611139 1045411702 57 187 0 5 187 17 0 0
3182272645 3162794160 1043388237 79 295 0 20 296 79 296 0
2143289344 1036831949 1036831949 15 0 5 17 246 15 1 6
2143289344 2143289344 2143289344 72 0 1 20 287 72 1 1
3191950773 1049899047 1029104442 52 4294967295 0 8 107 52 0 0
1036831949 1036831949 1036831949 3 0 4294967295 9 230 3 1 0
1065353216 3165920573 1041790772 18 0 25 20 162 17 0 0
1043318264 1049865449 1041512490 7 208 10 12 108 17 0 0
1036831949 1036831949 1036831949 15 0 20 17 151 17 0 0
1041865114 1036831949 1036831949 2 0 21 13 181 17 0 0
3196612995 3192704205 3181179298 51 0 12 9 233 17 0 0
1036831949 1036831949 1036831949 65 0 20 20 114 17 0 0
1065353216 3175339032 3177885019 70 0 14 14 191 70 1 14
3189660778 1048678102 1036800481 31 208 0 7 208 17 0 0
1040547573 3195388532 3194378168 58 263 0 14 264 58 264 0
2143289344 1036831949 1036831949 40 0 9 5 178 17 0 0
2143289344 2143289344 2143289344 65 0 22 9 263 17 0 0
3178054027 3149053339 1049574047 12 4294967295 0 20 213 12 0 0
1036831949 1036831949 1036831949 2 0 4294967295 7 297 2 1 0
1065353216 1015501580 3195021751 9 0 22 17 258 17 0 0
3197191016 1004354265 1041389518 39 48 15 17 262 39 49 15
1036831949 1036831949 1036831949 36 0 7 12 224 36 1 8
1041865114 1036831949 1036831949 77 0 7 15 106 77 1 7
3190056265 3192704205 1040624045 75 0 4 11 247 75 1 4
1036831949 1036831949 1036831949 8 0 14 14 279 17 0 0
1065353216 3165361062 3192971092 51 0 12 12 254 51 1 12
3180595059 3171037749 3166529197 56 148 0 6 148 17 0 0
1018336412 3179528866 1046909379 52 177 0 9 178 52 178 0
2143289344 1036831949 1036831949 29 0 24 17 292 17 0 0
2143289344 2143289344 2143289344 55 0 13 12 111 17 0 0
3190738287 1048450226 3189287260 73 4294967295 0 6 123 73 0 0
1036831949 1036831949 1036831949 47 0 4294967295 17 279 47 1 0
1065353216 1038232269 3179789052 53 0 24 19 187 17 0 0
3184733788 1025046718 1049154691 31 276 0 18 292 31 277 0
1036831949 1036831949 1036831949 5 0 8 11 140 5 1 9
1041865114 1036831949 1036831949 77 0 23 18 174 17 0 0
3196709676 3192704205 1045854778 37 0 20 18 191 17 0 0
1036831949 1036831949 1036831949 0 0 9 9 130 17 0 0
1065353216 1044274506 3163493515 15 0 19 19 157 15 1 19
3172951692 1040900258 3185546659 9 127 0 13 127 17 0 0
1046060591 1037543543 1042462192 4 149 0 17 150 4 150 0
2143289344 1036831949 1036831949 59 0 12 17 215 59 1 13
2143289344 2143289344 2143289344 29 0 12 14 201 29 1 12
1049995743 3187765130 1045531348 68 4294967295 0 20 190 68 0 0
1036831949 1036831949 1036831949 56 0 4294967295 5 246 56 1 0
1065353216 3157975462 1029226349 37 0 18 13 193 17 0 0
3190784486 3196476655 3187115088 49 265 15 7 195 17 0 0
1036831949 1036831949 1036831949 47 0 24 14 148 17 0 0
1041865114 1036831949 1036831949 43 0 24 14 254 17 0 0
1048957821 3192704205 1016512327 34 0 15 19 207 34 1 15
1036831949 1036831949 1036831949 32 0 16 16 276 17 0 0
1065353216 1048562433 3177690636 12 0 9 9 179 12 1 9
1039234020 3196866868 1041508047 34 300 0 9 300 17 0 0
1038190537 3187825887 3190865122 22 187 0 10 188 22 188 0
2143289344 1036831949 1036831949 72 0 5 13 176 72 1 6
2143289344 2143289344 2143289344 58 0 23 6 263 17 0 0
3194418059 1049579456 3183640327 36 4294967295 0 12 117 36 0 0
1036831949 1036831949 1036831949 11 0 4294967295 9 124 11 1 0
1065353216 1048726441 1012381843 1 0 22 17 120 17 0 0
1046905516 1049393970 1037017040 0 184 2 6 229 0 185 2
1036831949 1036831949 1036831949 1 0 19 20 131 1 1 20
1041865114 1036831949 1036831949 23 0 24 14 270 17 0 0
1040555474 3192704205 1008114847 50 0 11 18 274 50 1 11
1036831949 1036831949 1036831949 65 0 20 20 217 17 0 0
1065353216 1043891622 3196723764 25 0 19 19 175 25 1 19
3185334358 1039478257 1026246790 51 281 0 15 281 17 0 0
3196223731 1036681635 3194174555 10 227 0 12 228 10 228 0
2143289344 1036831949 1036831949 47 0 17 11 271 17 0 0
2143289344 2143289344 2143289344 20 0 4 6 185 20 1 4
3197419264 1041391455 1049655229 56 4294967295 0 14 293 56 0 0
1036831949 1036831949 1036831949 34 0 4294967295 16 253 34 1 0
1065353216 1049130517 3186259949 44 0 10 5 136 17 0 0
1045587355 3195832820 3196659244 61 241 21 14 169 17 0 0
1036831949 1036831949 1036831949 58 0 14 18 243 58 1 15
1041865114 1036831949 1036831949 55 0 1 8 251 55 1 1
3188047168 3192704205 1049652431 52 0 6 10 260 52 1 6
1036831949 1036831949 1036831949 40 0 17 17 190 17 0 0
1065353216 3189590538 1028724137 50 0 5 5 288 50 1 5
3188624773 3161109824 1008062665 20 297 0 15 297 17 0 0
3166456806 3189352653 1021727550 63 142 0 14 143 63 143 0
2143289344 1036831949 1036831949 13 0 8 11 287 13 1 9
2143289344 2143289344 2143289344 3 0 16 5 156 17 0 0
1047222422 1050168065 3185410942 48 4294967295 0 11 176 48 0 0
1036831949 1036831949 1036831949 52 0 4294967295 9 286 52 1 0
1065353216 1042877237 3189720681 3 0 11 6 151 17 0 0
3181320917 1041634238 1049324010 58 161 5 11 167 58 162 5
1036831949 1036831949 1036831949 27 0 13 16 202 27 1 14
1041865114 1036831949 1036831949 8 0 14 15 148 8 1 14
3175993630 3192704205 3190452482 48 0 16 14 257 17 0 0
1036831949 1036831949 1036831949 11 0 16 16 275 17 0 0
1065353216 1043959374 1040665775 0 0 20 20 155 0 1 20
3140577917 1011530254 1024918717 29 266 0 5 266 17 0 0
1025153215 3183958665 3193574227 64 202 0 10 203 64 203 0
2143289344 1036831949 1036831949 42 0 15 20 112 42 1 16
2143289344 2143289344 2143289344 31 0 25 14 258 17 0 0
1040727330 3185041144 1049197572 45 4294967295 0 13 110 45 0 0
1036831949 1036831949 1036831949 39 0 4294967295 13 140 39 1 0
1065353216 1046717142 1022963813 62 0 21 16 227 17 0 0
1011821398 3193725837 3189933360 31 113 17 19 122 31 114 17
1036831949 1036831949 1036831949 46 0 21 6 251 17 0 0
1041865114 1036831949 1036831949 64 0 11 13 224 64 1 11
1048300414 3192704205 1049020606 70 0 19 18 271 17 0 0
1036831949 1036831949 1036831949 18 0 19 19 140 17 0 0
1065353216 1045370132 1049603332 57 0 7 7 175 57 1 7
1045299547 3182006378 1047058969 62 264 0 10 264 17 0 0
3171019812 3184988382 1033444035 4 237 0 10 238 4 238 1
2143289344 1036831949 1036831949 2 0 5 11 203 2 1 6
2143289344 2143289344 2143289344 62 0 18 6 208 17 0 0
1049363134 1050192054 3182843008 10 4294967295 0 16 160 10 0 0
1036831949 1036831949 1036831949 29 0 4294967295 8 173 29 1 0
1065353216 3192210206 3160703197 39 0 18 13 193 17 0 0
3197555064 1046117182 1035344524 31 38 4 15 193 31 39 4
1036831949 1036831949 1036831949 6 0 21 7 291 17 0 0
1041865114 1036831949 1036831949 1 0 4 8 270 1 1 4
3193642501 3192704205 3197408847 26 0 9 12 147 26 1 9
1036831949 1036831949 1036831949 53 0 5 5 177 17 0 0
1065353216 1034924211 1047580915 27 0 10 10 212 27 1 10
1000272476 1047726193 3180957086 31 105 0 16 105 17 0 0
1038312275 3183440438 3174315886 25 296 0 14 297 25 297 1
2143289344 1036831949 1036831949 42 0 18 8 182 17 0 0
2143289344 2143289344 2143289344 28 0 1 5 252 28 1 1
1011235657 3191536107 3196830454 62 4294967295 0 18 108 62 0 0
1036831949 1036831949 1036831949 28 0 4294967295 15 127 28 1 0
1065353216 3196636741 3174668849 38 0 24 19 277 17 0 0
3196602337 3192750505 3155866625 20 225 3 14 188 17 0 0
1036831949 1036831949 1036831949 21 0 25 18 264 17 0 0
1041865114 1036831949 1036831949 71 0 16 8 135 17 0 0
1024756507 3192704205 1032285329 54 0 6 5 168 17 0 0
1036831949 1036831949 1036831949 45 0 12 12 155 17 0 0
1065353216 1049788837 3152439593 71 0 12 12 252 71 1 12
1037517306 3181673133 3188151219 31 140 0 18 140 17 0 0
1024974230 3190987878 3187021565 35 285 0 8 286 35 286 0
2143289344 1036831949 1036831949 11 0 25 13 137 17 0 0
2143289344 2143289344 2143289344 13 0 7 18 150 13 1 7
3175392207 3183375052 3191859911 12 4294967295 0 15 204 12 0 0
1036831949 1036831949 1036831949 73 0 4294967295 12 164 73 1 0
1065353216 1035731364 3187690609 20 0 16 11 298 17 0 0
3159257341 1006715448 1044778205 66 218 14 13 133 17 0 0
1036831949 1036831949 1036831949 16 0 14 11 190 17 0 0
1041865114 1036831949 1036831949 46 0 6 16 195 46 1 6
3157640617 3192704205 3191926416 60 0 14 10 165 17 0 0
1036831949 1036831949 1036831949 22 0 6 6 283 17 0 0
1065353216 1027759607 1042607894 36 0 19 19 296 36 1 19
3196013665 3194185400 1030340002 71 135 0 19 135 17 0 0
3193091831 1045831515 3196050876 67 175 0 9 176 67 176 0
2143289344 1036831949 1036831949 74 0 13 13 229 17 0 0
2143289344 2143289344 2143289344 72 0 6 10 192 72 1 6
1040370828 3196553855 1050228623 62 4294967295 0 13 153 62 0 0
1036831949 1036831949 1036831949 27 0 4294967295 7 288 27 1 0
1065353216 1049990524 1041675408 76 0 11 6 151 17 0 0
3191592298 3177148283 1040604522 43 276 21 15 108 17 0 0
1036831949 1036831949 1036831949 2 0 1 19 168 2 1 2
1041865114 1036831949 1036831949 1 0 24 7 231 17 0 0
3174621787 3192704205 3196992182 64 0 17 17 254 64 1 17
1036831949 1036831949 1036831949 30 0 13 13 122 17 0 0
1065353216 3189919226 1037136554 78 0 10 10 120 78 1 10
1042853954 3195343813 1047543700 59 285 0 11 285 17 0 0
1044122360 3194725602 3188748544 76 226 0 11 227 76 227 0
2143289344 1036831949 1036831949 12 0 19 15 225 17 0 0
2143289344 2143289344 2143289344 15 0 21 14 108 17 0 0
3197241630 3187646982 1049780894 13 4294967295 0 13 246 13 0 0
1036831949 1036831949 1036831949 37 0 4294967295 9 166 37 1 0
1065353216 1031896871 3190333347 67 0 16 11 141 17 0 0
3191957683 3181112288 3188416579 22 42 4 11 163 22 43 4
1036831949 1036831949 1036831949 59 0 19 12 181 17 0 0
1041865114 1036831949 1036831949 41 0 13 6 295 17 0 0
3181390283 3192704205 3191924018 63 0 16 18 162 63 1 16
1036831949 1036831949 1036831949 24 0 10 10 282 17 0 0
1065353216 1046268749 1039269557 54 0 16 16 288 54 1 16
1036583532 3180552367 1032372527 75 263 0 12 263 17 0 0
3196191553 3192239334 1045907291 38 227 0 19 228 38 228 0
2143289344 1036831949 1036831949 61 0 6 13 280 61 1 7
2143289344 2143289344 2143289344 24 0 23 13 224 17 0 0
3193619894 1047409961 3182721981 64 4294967295 0 16 175 64 0 0
1036831949 1036831949 1036831949 8 0 4294967295 17 255 8 1 0
1065353216 3194407864 3180333853 68 0 11 6 281 17 0 0
1047713103 3196445623 3186563394 37 33 18 9 155 17 0 0
1036831949 1036831949 1036831949 39 0 22 15 183 17 0 0
1041865114 1036831949 1036831949 19 0 15 12 188 17 0 0
1044843573 3192704205 1038677526 24 0 25 9 265 17 0 0
1036831949 1036831949 1036831949 15 0 12 12 286 17 0 0
1065353216 3178308303 3181990821 45 0 19 19 249 45 1 19
1037105976 3195416541 3192476418 33 185 0 14 185 17 0 0
3191672209 3196997130 3196590021 61 273 0 17 274 61 274 0
2143289344 1036831949 1036831949 60 0 8 6 236 17 0 0
2143289344 2143289344 2143289344 48 0 25 16 114 17 0 0
3183788986 1015818103 3188764707 75 4294967295 0 15 264 75 0 1
1036831949 1036831949 1036831949 6 0 4294967295 6 153 6 1 0
1065353216 3189288998 1038013828 52 0 20 15 196 17 0 0
1036986237 1048304979 3192769521 61 300 1 17 175 17 0 0
1036831949 1036831949 1036831949 45 0 21 11 126 17 0 0
1041865114 1036831949 1036831949 61 0 22 15 149 17 0 0
1042007378 3192704205 1043860680 15 0 12 13 163 15 1 12
1036831949 1036831949 1036831949 1 0 11 11 107 17 0 0
1065353216 3163870254 1043386222 5 0 16 16 190 5 1 16
1025682734 1044622642 3172866009 54 123 0 15 123 17 0 0
3194907630 1034918859 1043962674 58 270 0 19 271 58 271 0
2143289344 1036831949 1036831949 40 0 11 9 168 17 0 0
2143289344 2143289344 2143289344 38 0 10 7 196 17 0 0
1049462241 1037579596 1043464793 38 4294967295 0 16 285 38 0 0
1036831949 1036831949 1036831949 12 0 4294967295 6 284 12 1 0
1065353216 3197679903 1048581965 26 0 22 17 294 17 0 0
3192940602 1050050217 3196706553 48 316 12 7 300 17 0 0
1036831949 1036831949 1036831949 0 0 7 13 189 0 1 8
1041865114 1036831949 1036831949 23 0 9 17 158 23 1 9
1033694081 3192704205 1039968789 9 0 13 13 106 9 1 13
1036831949 1036831949 1036831949 36 0 17 17 155 17 0 0
1065353216 3182896673 1033664316 6 0 6 6 144 6 1 6
1026367675 1043702840 3197258687 38 256 0 7 256 17 0 0
3165520237 1045966200 1047193599 15 193 0 20 194 15 194 0
2143289344 1036831949 1036831949 26 0 23 6 157 17 0 0
2143289344 2143289344 2143289344 46 0 15 17 168 46 1 15
1048319391 3195698405 3189157262 33 4294967295 0 19 290 33 0 0
1036831949 1036831949 1036831949 10 0 4294967295 17 106 10 1 0
1065353216 3168128681 1047181513 24 0 10 5 105 17 0 0
3171118218 1048898606 1040063318 63 269 16 15 201 17 0 0
1036831949 1036831949 1036831949 11 0 23 13 126 17 0 0
1041865114 1036831949 1036831949 76 0 1 18 290 76 1 1
3196154299 3192704205 1048491926 43 0 25 19 286 17 0 0
1036831949 1036831949 1036831949 69 0 7 7 150 17 0 0
1065353216 1036126396 1045574689 23 0 6 6 123 23 1 6
3197405314 1016626591 3170326225 3 183 0 19 183 17 0 0
3183260908 1032146918 1040894767 9 169 0 8 170 9 170 1
2143289344 1036831949 1036831949 75 0 12 8 134 17 0 0
2143289344 2143289344 2143289344 40 0 21 9 204 17 0 0
992241338 3197338427 3192262415 21 4294967295 0 16 231 21 0 0
1036831949 1036831949 1036831949 67 0 4294967295 10 150 67 1 0
1065353216 1046607527 3188262986 40 0 11 6 266 17 0 0
3177789132 3172790648 3194839070 72 41 3 8 233 72 42 3
1036831949 1036831949 1036831949 19 0 11 5 116 17 0 0
1041865114 1036831949 1036831949 56 0 17 16 129 17 0 0
1037895393 3192704205 1041656133 8 0 15 7 221 17 0 0
1036831949 1036831949 1036831949 7 0 9 9 254 17 0 0
1065353216 3180014858 3197364791 76 0 5 5 238 76 1 5
1034224990 1034433901 3181963413 64 230 0 10 230 17 0 0
3155949688 1027348267 1034764810 40 281 0 20 282 40 282 1
2143289344 1036831949 1036831949 24 0 23 18 222 17 0 0
2143289344 2143289344 2143289344 2 0 19 12 205 17 0 0
3187425787 1042059441 1045161540 50 4294967295 0 12 146 50 0 0
1036831949 1036831949 1036831949 50 0 4294967295 19 123 50 1 0
1065353216 3185199795 3192158061 76 0 10 5 193 17 0 0
3154602846 3171834735 3180105400 38 105 0 18 179 38 106 1
1036831949 1036831949 1036831949 0 0 18 5 216 17 0 0
1041865114 1036831949 1036831949 54 0 7 16 149 54 1 7
1034735632 3192704205 1020290266 24 0 3 19 180 24 1 3
1036831949 1036831949 1036831949 15 0 11 11 219 17 0 0
1065353216 3181791478 1043330996 28 0 10 10 273 28 1 10
3197584955 3130166650 1042686100 55 285 0 7 285 17 0 0
3196286743 1043688194 3180181393 19 148 0 9 149 19 149 0
2143289344 1036831949 1036831949 62 0 8 6 166 17 0 0
2143289344 2143289344 2143289344 70 0 9 13 276 70 1 9
3191556398 3189777558 3180874220 31 4294967295 0 12 287 31 0 0
1036831949 1036831949 1036831949 4 0 4294967295 5 108 4 1 0
1065353216 1036330345 3153906664 4 0 17 12 118 17 0 0
3193861378 3195913076 3157882486 57 39 12 8 201 17 0 0
1036831949 1036831949 1036831949 47 0 8 15 207 47 1 9
1041865114 1036831949 1036831949 66 0 5 5 254 66 1 5
1035755571 3192704205 3190109122 19 0 25 12 145 17 0 0
1036831949 1036831949 1036831949 8 0 11 11 238 17 0 0
1065353216 3192973746 1043063418 61 0 18 18 286 61 1 18
1034708039 1049747259 3186947057 47 248 0 14 248 17 0 0
1048774918 3193621597 3193751183 48 114 0 5 115 48 115 0
2143289344 1036831949 1036831949 33 0 18 6 212 17 0 0
2143289344 2143289344 2143289344 13 0 14 18 283 13 1 14
3185700535 1045609271 3196157331 42 4294967295 0 7 190 42 0 0
1036831949 1036831949 1036831949 74 0 4294967295 7 231 74 1 0
1065353216 1050148789 1036506078 70 0 15 10 289 17 0 0
1047450062 3163520410 3195766036 33 11 25 10 192 17 0 0
1036831949 1036831949 1036831949 2 0 11 5 256 17 0 0
1041865114 1036831949 1036831949 62 0 6 9 296 62 1 6
1025822668 3192704205 3181333149 78 0 20 17 218 17 0 0
1036831949 1036831949 1036831949 62 0 6 6 255 17 0 0
1065353216 1040499996 3186317883 49 0 20 20 262 49 1 20
1049213423 1044086837 3196994023 57 102 0 5 102 17 0 0
1015397349 1046343082 1038014863 29 188 0 17 189 29 189 0
2143289344 1036831949 1036831949 63 0 18 20 230 63 1 19
2143289344 2143289344 2143289344 48 0 25 8 195 17 0 0
1037386780 1047331694 1046556728 5 4294967295 0 10 227 5 0 0
1036831949 1036831949 1036831949 13 0 4294967295 9 215 13 1 0
1065353216 3184479978 1026398481 65 0 14 9 250 17 0 0
3197309618 1042031210 3197412928 55 221 8 10 167 17 0 0
1036831949 1036831949 1036831949 3 0 5 19 171 3 1 6
1041865114 1036831949 1036831949 12 0 4 9 158 12 1 4
3186908691 3192704205 3165189528 15 0 10 7 196 17 0 0
1036831949 1036831949 1036831949 43 0 11 11 213 17 0 0
1065353216 1048324829 1045808380 23 0 17 17 107 23 1 17
1048950448 1020477189 1022343698 26 154 0 18 154 17 0 0
3190699950 1028831129 1047745567 74 230 0 16 231 74 231 0
2143289344 1036831949 1036831949 14 0 20 9 195 17 0 0
2143289344 2143289344 2143289344 41 0 11 19 256 41 1 11
1040749098 3184771677 1035721915 26 4294967295 0 14 117 26 0 1
1036831949 1036831949 1036831949 55 0 4294967295 11 200 55 1 0
1065353216 3191078679 3172099827 78 0 24 19 281 17 0 0
3189365234 1049544655 1049984527 64 205 22 18 158 17 0 0
1036831949 1036831949 1036831949 32 0 10 5 227 17 0 0
1041865114 1036831949 1036831949 77 0 24 12 182 17 0 0
3176616001 3192704205 1042925674 14 0 20 11 290 17 0 0
1036831949 1036831949 1036831949 38 0 6 6 134 17 0 0
1065353216 1043132805 3174732401 74 0 17 17 123 74 1 17
3191714926 3184381902 1037056888 43 286 0 6 286 17 0 0
1044550852 3190337744 3166021747 77 260 0 16 261 77 261 0
2143289344 1036831949 1036831949 73 0 9 11 104 73 1 10
2143289344 2143289344 2143289344 14 0 24 15 129 17 0 0
1034239116 1048747712 3185633823 42 4294967295 0 12 225 42 0 0
1036831949 1036831949 1036831949 0 0 4294967295 10 245 0 1 0
1065353216 3185859318 1040361547 49 0 10 5 282 17 0 0
3169767998 1047902213 3194396760 67 349 5 15 125 17 0 0
1036831949 1036831949 1036831949 44 0 17 12 298 17 0 0
1041865114 1036831949 1036831949 67 0 17 13 150 17 0 0
1041048950 3192704205 3195228682 33 0 10 7 103 17 0 0
1036831949 1036831949 1036831949 15 0 17 17 287 17 0 0
1065353216 1046685806 3177081564 37 0 18 18 274 37 1 18
3181765586 3191457721 3185303707 8 103 0 14 103 17 0 0
3182676073 3190439989 3189906356 35 290 0 19 291 35 291 0
2143289344 1036831949 1036831949 71 0 15 10 282 17 0 0
2143289344 2143289344 2143289344 23 0 8 16 178 23 1 8
1041799947 3197606393 1036539703 48 4294967295 0 15 256 48 0 0
1036831949 1036831949 1036831949 54 0 4294967295 10 116 54 1 0
1065353216 1046335202 1039196460 13 0 24 19 125 17 0 0
3157937534 1023646296 1046878032 38 253 12 18 286 38 254 12
1036831949 1036831949 1036831949 23 0 16 8 298 17 0 0
1041865114 1036831949 1036831949 76 0 16 15 288 17 0 0
1021477630 3192704205 3162501538 30 0 12 14 196 30 1 12
1036831949 1036831949 1036831949 16 0 9 9 242 17 0 0
1065353216 1045081114 1047135867 77 0 20 20 276 77 1 20
3159109917 3171961139 3196308322 68 192 0 10 192 17 0 0
3164041738 3196861400 3190971415 27 119 0 14 120 27 120 0
2143289344 1036831949 1036831949 20 0 4 5 200 20 1 5
2143289344 2143289344 2143289344 42 0 18 18 175 42 1 18
1041976304 3194309040 3185403275 3 4294967295 0 16 235 3 0 0
1036831949 1036831949 1036831949 13 0 4294967295 6 291 13 1 0
1065353216 1032144147 1019323599 12 0 21 16 203 17 0 0
1048357985 1043267061 3189996765 13 197 3 11 229 13 198 3
1036831949 1036831949 1036831949 67 0 0 15 128 67 1 1
1041865114 1036831949 1036831949 37 0 17 15 148 17 0 0
1030371027 3192704205 1017793127 61 0 1 10 188 61 1 1
1036831949 1036831949 1036831949 51 0 5 5 229 17 0 0
1065353216 1048988347 3196918961 11 0 5 5 274 11 1 5
3181414093 3186003064 3197365058 45 204 0 17 204 17 0 0
1042462110 1038498766 3193293905 55 231 0 16 232 55 232 0
2143289344 1036831949 1036831949 63 0 8 12 296 63 1 9
2143289344 2143289344 2143289344 28 0 20 8 278 17 0 0
1049887682 3177435534 1025385227 58 4294967295 0 6 190 58 0 0
1036831949 1036831949 1036831949 43 0 4294967295 11 121 43 1 0
1065353216 1047825344 3171399389 33 0 22 17 149 17 0 0
3171624822 3192021491 3187393189 20 165 19 14 242 17 0 0
1036831949 1036831949 1036831949 71 0 13 14 146 71 1 14
1041865114 1036831949 1036831949 59 0 5 7 200 59 1 5
3193841615 3192704205 1024445375 62 0 23 14 247 17 0 0
1036831949 1036831949 1036831949 67 0 13 13 238 17 0 0
1065353216 1042115571 3166741112 29 0 10 10 278 29 1 10
1039119935 1042918159 1047476240 21 206 0 19 206 17 0 0
3182893995 1049747183 3170984906 16 174 0 17 175 16 175 0
2143289344 1036831949 1036831949 57 0 19 20 287 57 1 20
2143289344 2143289344 2143289344 77 0 17 19 167 77 1 17
3196417943 1047845619 1043548990 67 4294967295 0 5 197 67 0 0
1036831949 1036831949 1036831949 73 0 4294967295 20 198 73 1 0
1065353216 3188856898 1017537460 36 0 17 12 186 17 0 0
1026152188 3195488704 3161658365 6 61 21 12 261 17 0 0
1036831949 1036831949 1036831949 9 0 25 17 110 17 0 0
1041865114 1036831949 1036831949 4 0 14 15 131 4 1 14
3187924102 3192704205 3173472059 56 0 19 10 233 17 0 0
1036831949 1036831949 1036831949 27 0 5 5 290 17 0 0
1065353216 3170725914 1043918752 11 0 7 7 103 11 1 7
1037030595 1032711739 1049254185 77 267 0 6 267 17 0 0
3181852913 3193242365 3195597943 70 278 0 7 279 70 279 0
2143289344 1036831949 1036831949 35 0 17 5 119 17 0 0
2143289344 2143289344 2143289344 7 0 7 9 139 7 1 7
3188982049 1033766259 3197309479 15 4294967295 0 7 245 15 0 0
1036831949 1036831949 1036831949 49 0 4294967295 13 164 49 1 0
1065353216 1042258852 1036780425 41 0 23 18 133 17 0 0
1040205068 1041943281 3195569875 38 329 21 17 117 17 0 0
1036831949 1036831949 1036831949 3 0 22 19 175 17 0 0
1041865114 1036831949 1036831949 12 0 4 11 187 12 1 4
1047673512 3192704205 1045872965 68 0 4 8 285 68 1 4
1036831949 1036831949 1036831949 19 0 6 6 145 17 0 0
1065353216 1038516106 3196903282 65 0 10 10 237 65 1 10
3184111209 3189534031 1033775101 52 178 0 14 178 17 0 0
1050153975 3196760039 3193863344 34 161 0 13 162 34 162 0
2143289344 1036831949 1036831949 29 0 7 16 151 29 1 8
2143289344 2143289344 2143289344 35 0 16 9 219 17 0 0
1040415084 3191579094 3190828952 40 4294967295 0 20 133 40 0 0
1036831949 1036831949 1036831949 8 0 4294967295 6 119 8 1 0
1065353216 3192392480 1048969343 47 0 20 15 105 17 0 0
3195753642 3173365342 3193221294 51 259 12 7 282 17 0 0
1036831949 1036831949 1036831949 42 0 7 7 175 17 0 0
1041865114 1036831949 1036831949 20 0 1 15 196 20 1 1
3173481334 3192704205 1018956739 49 0 6 10 210 49 1 6
1036831949 1036831949 1036831949 27 0 5 5 245 17 0 0
1065353216 1040664585 1048958494 68 0 10 10 106 68 1 10
1037800719 3185820566 3190414834 53 126 0 11 126 17 0 0
1034606799 3177338097 3177902121 34 169 0 8 170 34 170 1
2143289344 1036831949 1036831949 23 0 10 6 234 17 0 0
2143289344 2143289344 2143289344 58 0 17 19 197 58 1 17
1044039060 1046208416 1035468445 79 4294967295 0 15 160 79 0 0
1036831949 1036831949 1036831949 26 0 4294967295 12 194 26 1 0
1065353216 1043561839 3190494125 68 0 15 10 213 17 0 0
3188664579 1041641472 3185569504 6 209 16 17 132 17 0 0
1036831949 1036831949 1036831949 72 0 18 9 214 17 0 0
1041865114 1036831949 1036831949 76 0 4 5 114 76 1 4
1039352148 3192704205 1049845663 31 0 9 12 103 31 1 9
1036831949 1036831949 1036831949 38 0 17 17 187 17 0 0
1065353216 1026156195 3190488198 27 0 15 15 176 27 1 15
1029758906 1049057787 1049460579 18 285 0 9 285 17 0 0
3171084900 1002242415 3190309549 16 233 0 17 234 16 234 0
2143289344 1036831949 1036831949 41 0 14 15 235 41 1 15
2143289344 2143289344 2143289344 57 0 1 6 215 57 1 1
1042627244 3196958830 1049406074 16 4294967295 0 19 264 16 0 0
1036831949 1036831949 1036831949 2 0 4294967295 19 252 2 1 0
1065353216 3190691899 3172883813 2 0 17 12 189 17 0 0
3182757762 3194995330 1026766537 69 128 2 13 286 69 129 2
1036831949 1036831949 1036831949 56 0 21 5 280 17 0 0
1041865114 1036831949 1036831949 62 0 8 16 118 62 1 8
3180674948 3192704205 1029563449 44 0 2 18 239 44 1 2
1036831949 1036831949 1036831949 42 0 13 13 130 17 0 0
1065353216 3170416180 1043398163 73 0 13 13 228 73 1 13
3196756388 1045541527 1046912279 62 272 0 19 272 17 0 0
3173280930 1027626990 1021757716 55 282 0 15 283 55 283 1
2143289344 1036831949 1036831949 23 0 6 19 291 23 1 7
2143289344 2143289344 2143289344 67 0 2 13 157 67 1 2
3190842319 3171483218 3192398590 41 4294967295 0 8 184 41 0 0
1036831949 1036831949 1036831949 78 0 4294967295 12 241 78 1 0
1065353216 3175357462 3194289841 68 0 22 17 252 17 0 0
3175080137 1047854434 1049297099 3 342 19 20 170 17 0 0
1036831949 1036831949 1036831949 14 0 11 20 192 14 1 12
1041865114 1036831949 1036831949 18 0 21 15 269 17 0 0
1042516153 3192704205 1047246634 4 0 16 15 260 17 0 0
1036831949 1036831949 1036831949 73 0 17 17 195 17 0 0
1065353216 3188517645 3192271288 0 0 17 17 186 0 1 17
3176228366 3188674474 3195805808 56 111 0 9 111 17 0 0
3195120853 1044570247 3188687119 60 151 0 6 152 60 152 0
2143289344 1036831949 1036831949 49 0 2 5 208 49 1 3
2143289344 2143289344 2143289344 14 0 14 17 245 14 1 14
3163135840 1049925845 3181256759 68 4294967295 0 12 216 68 0 0
1036831949 1036831949 1036831949 24 0 4294967295 10 101 24 1 0
1065353216 1034427756 1028211693 48 0 25 20 239 17 0 0
1042888918 3180783683 3173458573 10 102 24 11 268 17 0 0
1036831949 1036831949 1036831949 51 0 2 12 100 51 1 3
1041865114 1036831949 1036831949 50 0 11 12 183 50 1 11
3187697119 3192704205 3195803057 2 0 23 12 273 17 0 0
1036831949 1036831949 1036831949 37 0 10 10 252 17 0 0
1065353216 3196459166 1050238750 37 0 8 8 190 37 1 8
1041703522 3188079616 3196602936 17 277 0 20 277 17 0 0
3196231423 3194408169 3183388809 58 250 0 10 251 58 251 0
2143289344 1036831949 1036831949 48 0 25 14 226 17 0 0
2143289344 2143289344 2143289344 28 0 15 18 198 28 1 15
1048798707 1046858322 3193496763 17 4294967295 0 16 235 17 0 0
1036831949 1036831949 1036831949 79 0 4294967295 8 185 79 1 0
1065353216 1045559707 3178604210 37 0 11 6 222 17 0 0
3187780485 3189537545 3195300012 15 2 9 15 107 15 3 9
1036831949 1036831949 1036831949 25 0 3 15 219 25 1 4
1041865114 1036831949 1036831949 38 0 21 11 135 17 0 0
3179789191 3192704205 3189198562 11 0 15 5 248 17 0 0
1036831949 1036831949 1036831949 34 0 15 15 200 17 0 0
1065353216 1037278107 3191684302 40 0 13 13 208 40 1 13
3190085093 3197164293 3193121351 7 286 0 13 286 17 0 0
1047368285 1043585789 3187423612 67 117 0 20 118 67 118 0
2143289344 1036831949 1036831949 76 0 2 13 129 76 1 3
2143289344 2143289344 2143289344 25 0 13 15 128 25 1 13
1034840088 3177105016 1042192173 64 4294967295 0 15 186 64 0 0
1036831949 1036831949 1036831949 4 0 4294967295 12 119 4 1 0
1065353216 1015284180 1008879153 59 0 12 7 213 17 0 0
3196351071 3194225848 1050245476 4 18 11 9 162 17 0 0
1036831949 1036831949 1036831949 15 0 5 14 223 15 1 6
1041865114 1036831949 1036831949 0 0 11 8 271 17 0 0
1035504484 3192704205 1025386441 46 0 18 12 240 17 0 0
1036831949 1036831949 1036831949 38 0 15 15 192 17 0 0
1065353216 1040983059 1041746153 8 0 5 5 187 8 1 5
1038375596 3186313283 3183996210 23 136 0 12 136 17 0 0
3188362944 1046809824 1042397317 10 280 0 10 281 10 281 0
2143289344 1036831949 1036831949 76 0 8 16 193 76 1 9
2143289344 2143289344 2143289344 49 0 6 8 135 49 1 6
3180202679 1033499417 3197454774 1 4294967295 0 6 103 1 0 0
1036831949 1036831949 1036831949 44 0 4294967295 18 190 44 1 0
1065353216 1049179175 1049797983 28 0 24 19 260 17 0 0
3191823961 3197566520 3193434616 51 170 12 10 103 17 0 0
1036831949 1036831949 1036831949 58 0 4 13 121 58 1 5
1041865114 1036831949 1036831949 11 0 18 5 232 17 0 0
1037302377 3192704205 1047235242 75 0 13 20 114 75 1 13
1036831949 1036831949 1036831949 6 0 17 17 274 17 0 0
1065353216 3182124539 1025292571 28 0 6 6 288 28 1 6
1018743615 1043117975 1034600348 60 254 0 17 254 17 0 0
1040110129 3194947384 1033808347 74 176 0 15 177 74 177 0
2143289344 1036831949 1036831949 39 0 11 11 171 17 0 0
2143289344 2143289344 2143289344 66 0 16 19 103 66 1 16
3195096947 3186665555 3190076650 26 4294967295 0 13 254 26 0 0
1036831949 1036831949 1036831949 40 0 4294967295 16 258 40 1 0
1065353216 1049286091 3193623253 25 0 21 16 157 17 0 0
1043229240 3179939944 3197011731 69 5 4 19 122 69 6 4
1036831949 1036831949 1036831949 3 0 25 5 242 17 0 0
1041865114 1036831949 1036831949 57 0 24 17 163 17 0 0
1048880420 3192704205 3180130129 21 0 24 6 273 17 0 0
1036831949 1036831949 1036831949 18 0 18 18 153 17 0 0
1065353216 1039954761 3192252848 78 0 6 6 248 78 1 6
3194580972 1048093153 3176112084 24 263 0 16 263 17 0 0
1049258420 1030485108 1050093212 48 204 0 8 205 48 205 0
2143289344 1036831949 1036831949 12 0 23 9 215 17 0 0
2143289344 2143289344 2143289344 63 0 0 8 129 63 1 0
1049724733 1048327703 3195501511 27 4294967295 0 10 289 27 0 0
1036831949 1036831949 1036831949 39 0 4294967295 6 247 39 1 0
1065353216 3183809464 1034719446 58 0 16 11 283 17 0 0
3182704517 3188621569 3194894200 23 90 1 19 252 23 91 1
1036831949 1036831949 1036831949 39 0 21 6 113 17 0 0
1041865114 1036831949 1036831949 29 0 25 13 174 17 0 0
1049065252 3192704205 3180803540 46 0 9 14 260 46 1 9
1036831949 1036831949 1036831949 44 0 17 17 172 17 0 0
1065353216 3194457239 3185762976 31 0 20 20 292 31 1 20
3188749382 3188705593 1040655229 36 213 0 11 213 17 0 0
1049879958 1044019477 3185775697 41 229 0 19 230 41 230 0
2143289344 1036831949 1036831949 31 0 16 9 249 17 0 0
2143289344 2143289344 2143289344 53 0 24 6 283 17 0 0
1041264150 3182878539 3179272730 31 4294967295 0 11 157 31 0 1
1036831949 1036831949 1036831949 34 0 4294967295 13 125 34 1 0
1065353216 1031044407 3193094888 77 0 14 9 124 17 0 0
1045213137 1046602520 1033110141 9 120 1 11 294 9 121 1
1036831949 1036831949 1036831949 39 0 22 14 263 17 0 0
1041865114 1036831949 1036831949 11 0 2 7 263 11 1 2
3186741097 3192704205 3182810585 54 0 24 15 291 17 0 0
1036831949 1036831949 1036831949 39 0 15 15 147 17 0 0
1065353216 1020031036 1045499335 39 0 16 16 234 39 1 16
1043677098 3185091776 3190597284 48 207 0 18 207 17 0 0
1041926551 3183094969 1035802915 62 264 0 11 265 62 265 0
2143289344 1036831949 1036831949 13 0 15 5 158 17 0 0
2143289344 2143289344 2143289344 42 0 13 13 270 42 1 13
3184812752 3196810155 1043955218 16 4294967295 0 15 196 16 0 0
1036831949 1036831949 1036831949 32 0 4294967295 10 255 32 1 0
1065353216 1045914866 1025036975 79 0 14 9 148 17 0 0
3193418294 1026816111 3185359518 66 212 23 18 202 17 0 0
1036831949 1036831949 1036831949 46 0 24 17 271 17 0 0
1041865114 1036831949 1036831949 44 0 24 15 133 17 0 0
3177462551 3192704205 1039631441 26 0 13 5 107 17 0 0
1036831949 1036831949 1036831949 39 0 7 7 203 17 0 0
1065353216 3189506254 3163864021 61 0 12 12 111 61 1 12
1048500517 3191721576 1042689844 67 223 0 12 223 17 0 0
3191203859 3189909906 3166999315 48 121 0 17 122 48 122 0
2143289344 1036831949 1036831949 24 0 16 11 254 17 0 0
2143289344 2143289344 2143289344 63 0 25 7 279 17 0 0
1032527578 3192616748 3189841935 51 4294967295 0 12 204 51 0 0
1036831949 1036831949 1036831949 28 0 4294967295 17 128 28 1 0
1065353216 3192077622 1043281657 37 0 15 10 205 17 0 0
1048732891 3176557697 1047928340 13 322 19 18 210 17 0 0
1036831949 1036831949 1036831949 9 0 15 11 204 17 0 0
1041865114 1036831949 1036831949 43 0 17 12 197 17 0 0
1026462594 3192704205 1047491408 64 0 17 17 294 64 1 17
1036831949 1036831949 1036831949 62 0 15 15 143 17 0 0
1065353216 3178629458 1009611166 57 0 7 7 243 57 1 7
3193796304 3191480257 1043347904 56 286 0 13 286 17 0 0
3195505380 3191061022 1048256001 66 124 0 5 125 66 125 0
2143289344 1036831949 1036831949 4 0 15 5 174 17 0 0
2143289344 2143289344 2143289344 53 0 2 6 298 53 1 2
1047800469 1038381445 3194783651 42 4294967295 0 16 269 42 0 0
1036831949 1036831949 1036831949 4 0 4294967295 9 233 4 1 0
1065353216 3197364068 1019113514 39 0 14 9 299 17 0 0
1042638356 3189882344 1023790274 77 118 5 6 298 77 119 5
1036831949 1036831949 1036831949 56 0 16 20 260 56 1 17
1041865114 1036831949 1036831949 57 0 1 14 142 57 1 1
1045142970 3192704205 1046092786 45 0 5 15 189 45 1 5
1036831949 1036831949 1036831949 29 0 12 12 102 17 0 0
1065353216 3172504204 3185339899 30 0 10 10 158 30 1 10
3194571394 1045696690 3174544950 19 197 0 12 197 17 0 0
3188852854 1010464325 998838483 11 182 0 12 183 11 183 1
2143289344 1036831949 1036831949 68 0 7 15 186 68 1 8
2143289344 2143289344 2143289344 70 0 18 8 163 17 0 0
1044087077 1045723736 3189832037 47 4294967295 0 13 149 47 0 0
1036831949 1036831949 1036831949 70 0 4294967295 19 112 70 1 0
1065353216 1032984992 3196294456 71 0 19 14 222 17 0 0
1046833849 1048274143 1049481858 53 141 4 7 213 53 142 4
1036831949 1036831949 1036831949 63 0 4 6 227 63 1 5
1041865114 1036831949 1036831949 54 0 25 8 152 17 0 0
1043860864 3192704205 3188385930 23 0 23 5 152 17 0 0
1036831949 1036831949 1036831949 76 0 17 17 284 17 0 0
1065353216 3187859054 3178924249 66 0 16 16 207 66 1 16
1046869306 1042091723 1043579662 25 268 0 10 268 17 0 0
3196842003 3163302840 3182079410 3 198 0 15 199 3 199 0
2143289344 1036831949 1036831949 50 0 11 13 164 50 1 12
2143289344 2143289344 2143289344 72 0 3 16 103 72 1 3
3192493669 1027179280 1049824689 48 4294967295 0 17 211 48 0 0
1036831949 1036831949 1036831949 1 0 4294967295 13 239 1 1 0
1065353216 3196867893 1040828187 28 0 18 13 178 17 0 0
3163862972 1041571023 3197710379 16 27 4 18 189 16 28 4
1036831949 1036831949 1036831949 20 0 25 8 220 17 0 0
1041865114 1036831949 1036831949 39 0 12 8 287 17 0 0
1024401336 3192704205 3176073647 44 0 11 11 102 44 1 11
1036831949 1036831949 1036831949 77 0 8 8 146 17 0 0
1065353216 3189760219 1039856540 65 0 5 5 263 65 1 5
1035743439 1024425167 1035126756 48 138 0 9 138 17 0 0
3196451126 1046480553 1042701024 30 140 0 9 141 30 141 0
2143289344 1036831949 1036831949 4 0 22 15 278 17 0 0
2143289344 2143289344 2143289344 79 0 11 12 210 79 1 11
1018266913 3195374391 1048953074 40 4294967295 0 11 144 40 0 0
1036831949 1036831949 1036831949 12 0 4294967295 19 224 12 1 0
1065353216 1049971921 3175346300 42 0 15 10 270 17 0 0
3116230245 1048691724 1036826409 26 174 19 15 183 17 0 0
1036831949 1036831949 1036831949 17 0 24 8 237 17 0 0
1041865114 1036831949 1036831949 68 0 6 11 106 68 1 6
3193804764 3192704205 3170604444 49 0 5 18 125 49 1 5
1036831949 1036831949 1036831949 53 0 20 20 150 17 0 0
1065353216 3194044906 1045626624 64 0 14 14 113 64 1 14
3189337717 1002437212 1041387899 15 117 0 18 117 17 0 0
1047781735 1045234488 1027460946 43 102 0 6 103 43 103 0
2143289344 1036831949 1036831949 54 0 22 6 299 17 0 0
2143289344 2143289344 2143289344 3 0 13 10 238 17 0 0
3195266931 3192912847 1031302043 25 4294967295 0 13 159 25 0 0
1036831949 1036831949 1036831949 74 0 4294967295 17 105 74 1 0
1065353216 3188002980 3181644542 66 0 21 16 118 17 0 0
3192462730 1046602719 1036398526 12 52 11 11 260 12 53 11
1036831949 1036831949 1036831949 77 0 1 6 154 77 1 2
1041865114 1036831949 1036831949 23 0 22 8 298 17 0 0
1041336086 3192704205 1048702734 19 0 14 16 188 19 1 14
1036831949 1036831949 1036831949 69 0 16 16 281 17 0 0
1065353216 1029321544 3167199138 57 0 6 6 200 57 1 6
1048860764 3192600793 3186888117 65 185 0 20 185 17 0 0
3195986840 3188418584 3197577884 71 158 0 13 159 71 159 0
2143289344 1036831949 1036831949 16 0 11 17 146 16 1 12
2143289344 2143289344 2143289344 21 0 17 8 160 17 0 0
3183114723 3192242339 3192517589 17 4294967295 0 14 259 17 0 0
1036831949 1036831949 1036831949 22 0 4294967295 14 278 22 1 0
1065353216 3181403887 3194376088 2 0 25 20 228 17 0 0
3195699028 1040641860 3196402934 65 81 12 6 197 17 0 0
1036831949 1036831949 1036831949 51 0 17 8 189 17 0 0
1041865114 1036831949 1036831949 42 0 1 13 227 42 1 1
1024756560 3192704205 1045474969 0 0 10 16 202 0 1 10
1036831949 1036831949 1036831949 29 0 7 7 264 17 0 0
1065353216 1041292639 3197292493 66 0 19 19 254 66 1 19
1043736257 1026720317 1040706652 53 294 0 20 294 17 0 0
3194541015 1035307188 1041965409 53 243 0 11 244 53 244 0
2143289344 1036831949 1036831949 7 0 14 11 152 17 0 0
2143289344 2143289344 2143289344 32 0 25 13 108 17 0 0
1045355972 1049214822 3185415809 17 4294967295 0 8 155 17 0 0
1036831949 1036831949 1036831949 59 0 4294967295 16 131 59 1 0
1065353216 1049810783 1042227272 62 0 15 10 287 17 0 0
1039290427 1030504641 3193173425 54 161 8 10 230 54 162 8
1036831949 1036831949 1036831949 32 0 20 10 296 17 0 0
1041865114 1036831949 1036831949 78 0 18 8 194 17 0 0
3192149274 3192704205 3178550134 49 0 11 8 278 17 0 0
1036831949 1036831949 1036831949 39 0 10 10 199 17 0 0
1065353216 3192757016 1046790022 74 0 11 11 188 74 1 11
3179783532 3190309607 1038315178 52 119 0 10 119 17 0 0
3182463424 1032747399 3187885472 40 265 0 9 266 40 266 1
2143289344 1036831949 1036831949 67 0 7 11 110 67 1 8
2143289344 2143289344 2143289344 29 0 21 19 294 17 0 0
3185049782 3176582530 1047969895 51 4294967295 0 13 150 51 0 0
1036831949 1036831949 1036831949 27 0 4294967295 8 111 27 1 0
1065353216 1049636892 3191822190 7 0 20 15 218 17 0 0
3190042466 3187845316 3197143963 61 299 14 12 267 17 0 0
1036831949 1036831949 1036831949 3 0 24 10 185 17 0 0
1041865114 1036831949 1036831949 43 0 19 16 220 17 0 0
1031847513 3192704205 1049928869 38 0 7 20 261 38 1 7
1036831949 1036831949 1036831949 6 0 11 11 231 17 0 0
1065353216 1031606652 1032619231 20 0 15 15 274 20 1 15
3183021434 1027400096 3197242602 68 130 0 17 130 17 0 0
3194524510 1048783974 3188598867 72 282 0 12 283 72 283 0
2143289344 1036831949 1036831949 55 0 2 14 232 55 1 3
2143289344 2143289344 2143289344 55 0 4 18 157 55 1 4
1049303931 1038477292 3163288259 8 4294967295 0 14 240 8 0 0
1036831949 1036831949 1036831949 65 0 4294967295 7 125 65 1 0
1065353216 3170106638 1049424412 28 0 14 9 108 17 0 0
3176082274 1047903038 3146698012 78 10 2 18 296 78 11 2
1036831949 1036831949 1036831949 33 0 2 20 269 33 1 3
1041865114 1036831949 1036831949 78 0 3 6 280 78 1 3
1045969825 3192704205 1048811777 28 0 12 10 103 17 0 0
1036831949 1036831949 1036831949 33 0 14 14 218 17 0 0
1065353216 1040739205 1049065894 36 0 9 9 141 36 1 9
1049487974 1036374428 3195899566 13 295 0 7 295 17 0 0
3184904002 1035987389 3134376828 35 282 0 16 283 35 283 1
2143289344 1036831949 1036831949 0 0 24 15 274 17 0 0
2143289344 2143289344 2143289344 66 0 20 17 261 17 0 0
1049389596 1043554499 3196385708 79 4294967295 0 9 193 79 0 0
1036831949 1036831949 1036831949 53 0 4294967295 5 147 53 1 0
1065353216 3185922527 1049377898 43 0 22 17 210 17 0 0
3190710715 1038799997 3182770635 63 179 14 6 212 17 0 0
1036831949 1036831949 1036831949 1 0 16 17 261 1 1 17
1041865114 1036831949 1036831949 66 0 21 20 230 17 0 0
1033266375 3192704205 1049521723 27 0 20 13 122 17 0 0
1036831949 1036831949 1036831949 72 0 8 8 295 17 0 0
1065353216 1040013039 3197275583 10 0 18 18 165 10 1 18
1048438108 1037555569 1046196811 35 115 0 5 115 17 0 0
1048971945 3182054311 1048238017 76 219 0 16 220 76 220 0
2143289344 1036831949 1036831949 64 0 23 20 203 17 0 0
2143289344 2143289344 2143289344 35 0 14 13 247 17 0 0
1046732517 1036098707 3188303080 0 4294967295 0 15 125 0 0 0
1036831949 1036831949 1036831949 77 0 4294967295 10 172 77 1 0
1065353216 3174939598 3197723665 18 0 22 17 155 17 0 0
1040681087 3195330496 1048826771 70 207 13 10 177 17 0 0
1036831949 1036831949 1036831949 78 0 19 16 291 17 0 0
1041865114 1036831949 1036831949 7 0 22 20 279 17 0 0
3196993180 3192704205 1025684352 57 0 0 19 165 57 1 0
1036831949 1036831949 1036831949 14 0 17 17 272 17 0 0
1065353216 1024438917 3168018566 37 0 15 15 141 37 1 15
1041263991 1047707120 1019660918 32 220 0 5 220 17 0 0
3196216744 1047837599 3176519324 9 174 0 19 175 9 175 0
2143289344 1036831949 1036831949 22 0 17 7 189 17 0 0
2143289344 2143289344 2143289344 69 0 1 10 108 69 1 1
3169353954 1040490479 3196012365 77 4294967295 0 14 212 77 0 0
1036831949 1036831949 1036831949 49 0 4294967295 19 259 49 1 0
1065353216 1000595720 1040353111 57 0 18 13 122 17 0 0
1032269925 3165012473 3191526265 63 77 8 10 165 63 78 8
1036831949 1036831949 1036831949 28 0 16 17 194 28 1 17
1041865114 1036831949 1036831949 23 0 7 7 258 23 1 7
1034273448 3192704205 978469578 54 0 5 6 190 54 1 5
1036831949 1036831949 1036831949 57 0 6 6 298 17 0 0
1065353216 3190755889 1050247055 73 0 15 15 260 73 1 15
1001522280 3178104724 1049853241 43 110 0 9 110 17 0 0
3191445842 1044898023 3195299050 68 296 0 16 297 68 297 0
2143289344 1036831949 1036831949 36 0 19 7 122 17 0 0
2143289344 2143289344 2143289344 8 0 3 20 287 8 1 3
1046061303 3194045899 1045317365 22 4294967295 0 15 198 22 0 0
1036831949 1036831949 1036831949 59 0 4294967295 12 274 59 1 0
1065353216 1006224655 1045600961 27 0 23 18 255 17 0 0
3194969142 3182599719 1041603479 11 268 25 13 239 17 0 0
1036831949 1036831949 1036831949 30 0 0 16 171 30 1 1
1041865114 1036831949 1036831949 42 0 12 20 126 42 1 12
3188027837 3192704205 3193488862 18 0 14 10 146 17 0 0
1036831949 1036831949 1036831949 9 0 15 15 160 17 0 0
1065353216 3177702655 3197582328 75 0 13 13 169 75 1 13
3180957252 1041076200 1046360809 9 138 0 11 138 17 0 0
1024612358 3197552507 3191432890 40 292 0 11 293 40 293 0
2143289344 1036831949 1036831949 79 0 9 20 190 79 1 10
2143289344 2143289344 2143289344 29 0 0 18 119 29 1 0
1030790578 3192626927 3189171444 55 4294967295 0 14 213 55 0 0
1036831949 1036831949 1036831949 22 0 4294967295 5 131 22 1 0
1065353216 956148240 3184274167 42 0 13 8 294 17 0 0
3197265251 1041897801 3184730619 46 94 23 15 192 17 0 0
1036831949 1036831949 1036831949 51 0 19 20 145 51 1 20
1041865114 1036831949 1036831949 53 0 0 11 168 53 1 0
3195625805 3192704205 1046769460 68 0 14 13 223 17 0 0
1036831949 1036831949 1036831949 5 0 7 7 158 17 0 0
1065353216 1050130690 3191443246 60 0 16 16 225 60 1 16
1031685665 3196618169 3192517547 24 164 0 15 164 17 0 0
1044247369 3197535093 1041453203 20 280 0 18 281 20 281 0
2143289344 1036831949 1036831949 58 0 15 14 245 17 0 0
2143289344 2143289344 2143289344 76 0 6 9 236 76 1 6
1034423543 1036141654 3190513263 41 4294967295 0 10 208 41 0 0
1036831949 1036831949 1036831949 66 0 4294967295 6 235 66 1 0
1065353216 1042178726 1025953358 53 0 25 20 141 17 0 0
3187027570 1043559416 1042841295 39 150 21 16 198 17 0 0
1036831949 1036831949 1036831949 33 0 13 20 266 33 1 14
1041865114 1036831949 1036831949 9 0 11 11 112 9 1 11
3188286872 3192704205 1044090877 77 0 25 10 241 17 0 0
1036831949 1036831949 1036831949 25 0 14 14 234 17 0 0
1065353216 1049894405 3197668245 5 0 10 10 260 5 1 10
1039567162 1032588514 3123340103 67 194 0 18 194 17 0 0
3172556063 3189302245 1040918790 67 234 0 11 235 67 235 1
2143289344 1036831949 1036831949 22 0 20 19 108 17 0 0
2143289344 2143289344 2143289344 13 0 14 20 106 13 1 14
3194864503 3179909827 3181661715 24 4294967295 0 16 204 24 0 0
1036831949 1036831949 1036831949 20 0 4294967295 6 246 20 1 0
1065353216 3173175539 3189017932 34 0 18 13 149 17 0 0
1049313616 3176031651 3188671043 61 179 7 9 277 61 180 7
1036831949 1036831949 1036831949 5 0 25 7 252 17 0 0
1041865114 1036831949 1036831949 1 0 17 16 164 17 0 0
3188992280 3192704205 1049168651 51 0 8 16 174 51 1 8
1036831949 1036831949 1036831949 51 0 10 10 130 17 0 0
1065353216 1020880153 1035107240 28 0 12 12 187 28 1 12
1037667366 3162192713 3188800396 42 201 0 6 201 17 0 0
1036776253 1041007123 1044902617 12 101 0 14 102 12 102 0
2143289344 1036831949 1036831949 56 0 7 6 248 17 0 0
2143289344 2143289344 2143289344 12 0 10 13 247 12 1 10
1044712414 3194113172 1028786880 10 4294967295 0 18 172 10 0 0
1036831949 1036831949 1036831949 63 0 4294967295 9 174 63 1 0
1065353216 3176876906 3193543146 72 0 20 15 299 17 0 0
1038831975 3165434405 1047181779 74 304 3 12 163 17 0 0
1036831949 1036831949 1036831949 4 0 4 20 178 4 1 5
1041865114 1036831949 1036831949 29 0 23 20 214 17 0 0
3190977654 3192704205 1036663760 25 0 5 18 283 25 1 5
1036831949 1036831949 1036831949 48 0 11 11 106 17 0 0
1065353216 3197423923 1045167871 58 0 20 20 182 58 1 20
3172153301 1014809969 3188902582 2 252 0 9 252 17 0 0
1036656984 1032010346 3185855087 53 181 0 6 182 53 182 1
2143289344 1036831949 1036831949 20 0 3 19 259 20 1 4
2143289344 2143289344 2143289344 28 0 6 19 179 28 1 6
1043471113 1049493924 3191841564 29 4294967295 0 20 216 29 0 0
1036831949 1036831949 1036831949 40 0 4294967295 9 152 40 1 0
1065353216 1022149551 1046288314 43 0 21 16 235 17 0 0
1016151718 1002681569 3189509078 9 122 21 7 265 17 0 0
1036831949 1036831949 1036831949 73 0 22 11 199 17 0 0
1041865114 1036831949 1036831949 43 0 8 20 110 43 1 8
1044590172 3192704205 3196917358 54 0 8 19 168 54 1 8
1036831949 1036831949 1036831949 67 0 20 20 138 17 0 0
1065353216 1039254685 1031764470 17 0 15 15 280 17 1 15
1046492012 1024858791 1045102072 28 222 0 8 222 17 0 0
3196745868 3189045122 1048744902 4 237 0 19 238 4 238 0
2143289344 1036831949 1036831949 65 0 19 10 203 17 0 0
2143289344 2143289344 2143289344 42 0 25 7 251 17 0 0
1034306980 1033243182 1043890834 49 4294967295 0 7 197 49 0 0
1036831949 1036831949 1036831949 24 0 4294967295 7 276 24 1 0
1065353216 1049695814 3192970809 61 0 13 8 216 17 0 0
3190285507 1039434992 3189288035 18 304 12 19 160 17 0 0
1036831949 1036831949 1036831949 56 0 5 5 241 17 0 0
1041865114 1036831949 1036831949 18 0 6 20 107 18 1 6
3194599165 3192704205 3187182154 31 0 24 5 193 17 0 0
1036831949 1036831949 1036831949 56 0 9 9 279 17 0 0
1065353216 3181970093 1048424456 67 0 9 9 215 67 1 9
1049917644 3176088495 1039366693 74 212 0 11 212 17 0 0
3170473159 3197644732 3174280081 13 261 0 9 262 13 262 0
2143289344 1036831949 1036831949 44 0 15 16 299 44 1 16
2143289344 2143289344 2143289344 64 0 5 19 204 64 1 5
1049044307 1016071804 3195565759 66 4294967295 0 7 193 66 0 0
1036831949 1036831949 1036831949 24 0 4294967295 7 233 24 1 0
1065353216 1035527631 3195737462 75 0 14 9 251 17 0 0
1032734958 1049342169 3180400259 34 20 3 7 230 34 21 3
1036831949 1036831949 1036831949 14 0 13 14 252 14 1 14
1041865114 1036831949 1036831949 32 0 6 5 195 17 0 0
3186500864 3192704205 3177651492 75 0 4 11 145 75 1 4
1036831949 1036831949 1036831949 46 0 17 17 256 17 0 0
1065353216 1050086479 3166667591 35 0 14 14 154 35 1 14
3133684526 3188377281 1049970487 19 203 0 5 203 17 0 0
1043976763 1045765458 3194905519 56 159 0 11 160 56 160 0
2143289344 1036831949 1036831949 32 0 3 11 296 32 1 4
2143289344 2143289344 2143289344 74 0 7 14 251 74 1 7
3178139370 3184013917 3179911975 13 4294967295 0 20 263 13 0 1
1036831949 1036831949 1036831949 28 0 4294967295 12 115 28 1 0
