4694428428020873060 13909875606412569204 4661949024290739460 13916963049218609740 0 25 25
4638144666238189568 4636737291354636288 4632233691727265792 4741671816366391296 0 3 51
4636737291354636288 4636737291354636288 4632233691727265792 4741671816366391296 0 37 37
4639481672377565184 4636737291354636288 4632233691727265792 4741671816366391296 0 78 78
4641240890982006784 4636737291354636288 4647503709213818880 0 2 13 68
4641240890982006784 4652007308841189376 4621819117588971520 0 2 34 68
9221120237041090560 4682373651927463264 4659776468340170156 4692306284073713876 2 50 50
4641240890982006784 4636737291354636288 13845191154443747328 4741671816366391296 0 53 53
13910288359320600416 4694921795123315294 4659594847920267837 13913695283121086540 2 2 68
4638144666238189568 4636737291354636288 4632233691727265792 4741671816366391296 0 38 51
4636737291354636288 4636737291354636288 4632233691727265792 4741671816366391296 0 37 37
4639481672377565184 4636737291354636288 4632233691727265792 4741671816366391296 0 9 9
4641240890982006784 4636737291354636288 4647503709213818880 0 2 60 68
4641240890982006784 4652007308841189376 4621819117588971520 0 2 22 68
9221120237041090560 13908142262416216576 4664283436195887071 4695799094774463098 2 31 31
4641240890982006784 4636737291354636288 13845191154443747328 4741671816366391296 0 18 18
13901631835031225888 13901437819172648624 4666508044011228448 4689561684850286504 3 71 71
4638144666238189568 4636737291354636288 4632233691727265792 4741671816366391296 0 7 51
4636737291354636288 4636737291354636288 4632233691727265792 4741671816366391296 0 59 59
4639481672377565184 4636737291354636288 4632233691727265792 4741671816366391296 0 58 58
4641240890982006784 4636737291354636288 4647503709213818880 0 2 41 68
4641240890982006784 4652007308841189376 4621819117588971520 0 2 22 68
9221120237041090560 4672661472076429920 4663256652962960337 4693127610429820662 2 53 53
4641240890982006784 4636737291354636288 13845191154443747328 4741671816366391296 0 60 60
4681893138679560720 13920199435906669904 4666481506440991406 4688613045301036992 1 57 57
4638144666238189568 4636737291354636288 4632233691727265792 4741671816366391296 0 34 51
4636737291354636288 4636737291354636288 4632233691727265792 4741671816366391296 0 49 49
4639481672377565184 4636737291354636288 4632233691727265792 4741671816366391296 0 18 18
4641240890982006784 4636737291354636288 4647503709213818880 0 2 45 68
4641240890982006784 4652007308841189376 4621819117588971520 0 2 56 68
9221120237041090560 4692148132519313188 4665847027813538917 13907037399056165336 2 5 5
4641240890982006784 4636737291354636288 13845191154443747328 4741671816366391296 0 6 6
4694972567102963038 13912231802129035518 4662042985928928881 13918233423240295970 0 5 5
4638144666238189568 4636737291354636288 4632233691727265792 4741671816366391296 0 57 51
4636737291354636288 4636737291354636288 4632233691727265792 4741671816366391296 0 27 27
4639481672377565184 4636737291354636288 4632233691727265792 4741671816366391296 0 59 59
4641240890982006784 4636737291354636288 4647503709213818880 0 2 19 68
4641240890982006784 4652007308841189376 4621819117588971520 0 2 11 68
9221120237041090560 13918532127496005654 4652262658651348557 13918382721422096389 2 47 47
4641240890982006784 4636737291354636288 13845191154443747328 4741671816366391296 0 60 60
4683888562501057936 13920099520069316758 4650367534935150522 4695310697167464662 1 68 68
4638144666238189568 4636737291354636288 4632233691727265792 4741671816366391296 0 51 51
4636737291354636288 4636737291354636288 4632233691727265792 4741671816366391296 0 27 27
4639481672377565184 4636737291354636288 4632233691727265792 4741671816366391296 0 0 0
4641240890982006784 4636737291354636288 4647503709213818880 0 2 37 68
4641240890982006784 4652007308841189376 4621819117588971520 0 2 66 68
9221120237041090560 4690925166646600448 4666630145003089359 4686448593409704776 2 11 11
4641240890982006784 4636737291354636288 13845191154443747328 4741671816366391296 0 23 23
13900640291810922240 4688026449296176688 4658931516780770218 4691785819468768212 0 62 62
4638144666238189568 4636737291354636288 4632233691727265792 4741671816366391296 0 70 51
4636737291354636288 4636737291354636288 4632233691727265792 4741671816366391296 0 66 66
4639481672377565184 4636737291354636288 4632233691727265792 4741671816366391296 0 74 74
4641240890982006784 4636737291354636288 4647503709213818880 0 2 68 68
4641240890982006784 4652007308841189376 4621819117588971520 0 2 65 68
9221120237041090560 13916814848094093467 4660253220997875978 13918181797224776668 2 16 16
4641240890982006784 4636737291354636288 13845191154443747328 4741671816366391296 0 0 0
13918335234210483802 13894083452443007360 4666320369631689783 13908150784985190932 0 49 49
4638144666238189568 4636737291354636288 4632233691727265792 4741671816366391296 0 65 51
4636737291354636288 4636737291354636288 4632233691727265792 4741671816366391296 0 13 13
4639481672377565184 4636737291354636288 4632233691727265792 4741671816366391296 0 43 43
4641240890982006784 4636737291354636288 4647503709213818880 0 2 20 68
4641240890982006784 4652007308841189376 4621819117588971520 0 2 70 68
9221120237041090560 4675802480010951056 4665789761393086933 13905107589178213416 2 62 62
4641240890982006784 4636737291354636288 13845191154443747328 4741671816366391296 0 23 23
13916880786829158641 13915949847359755527 4661368634006903893 4693629392650188510 0 58 58
4638144666238189568 4636737291354636288 4632233691727265792 4741671816366391296 0 63 51
4636737291354636288 4636737291354636288 4632233691727265792 4741671816366391296 0 19 19
4639481672377565184 4636737291354636288 4632233691727265792 4741671816366391296 0 5 5
4641240890982006784 4636737291354636288 4647503709213818880 0 2 32 68
4641240890982006784 4652007308841189376 4621819117588971520 0 2 46 68
9221120237041090560 4696372954606073158 4665779360761760943 13909855974940095624 2 41 41
4641240890982006784 4636737291354636288 13845191154443747328 4741671816366391296 0 42 42
4685528639688401080 13915993977788961929 4664478540185568185 13896693833996581472 0 31 31
4638144666238189568 4636737291354636288 4632233691727265792 4741671816366391296 0 71 51
4636737291354636288 4636737291354636288 4632233691727265792 4741671816366391296 0 46 46
4639481672377565184 4636737291354636288 4632233691727265792 4741671816366391296 0 25 25
4641240890982006784 4636737291354636288 4647503709213818880 0 2 44 68
4641240890982006784 4652007308841189376 4621819117588971520 0 2 41 68
9221120237041090560 13916502506342292880 4657121584162303044 13916721198997853021 2 17 17
4641240890982006784 4636737291354636288 13845191154443747328 4741671816366391296 0 75 75
4691197683024135644 13917896677308338178 4660295685666201808 13897872616733661184 1 20 20
4638144666238189568 4636737291354636288 4632233691727265792 4741671816366391296 0 64 51
4636737291354636288 4636737291354636288 4632233691727265792 4741671816366391296 0 79 79
4639481672377565184 4636737291354636288 4632233691727265792 4741671816366391296 0 70 70
4641240890982006784 4636737291354636288 4647503709213818880 0 2 47 68
4641240890982006784 4652007308841189376 4621819117588971520 0 2 53 68
9221120237041090560 4680156661516447616 4662761003812311704 4694979641041812510 2 10 10
4641240890982006784 4636737291354636288 13845191154443747328 4741671816366391296 0 28 28
13917095196599982034 13910115298963198316 4658763311723602226 4694700779007701048 3 66 66
4638144666238189568 4636737291354636288 4632233691727265792 4741671816366391296 0 40 51
4636737291354636288 4636737291354636288 4632233691727265792 4741671816366391296 0 68 68
4639481672377565184 4636737291354636288 4632233691727265792 4741671816366391296 0 78 78
4641240890982006784 4636737291354636288 4647503709213818880 0 2 78 68
4641240890982006784 4652007308841189376 4621819117588971520 0 2 5 68
9221120237041090560 13914690218126142964 4662456071218756709 4692798200080881504 2 19 19
4641240890982006784 4636737291354636288 13845191154443747328 4741671816366391296 0 19 19
13911854932755398236 13912172584342569516 4653189959429749647 13916391690698705186 3 7 7
4638144666238189568 4636737291354636288 4632233691727265792 4741671816366391296 0 55 51
4636737291354636288 4636737291354636288 4632233691727265792 4741671816366391296 0 48 48
4639481672377565184 4636737291354636288 4632233691727265792 4741671816366391296 0 13 13
4641240890982006784 4636737291354636288 4647503709213818880 0 2 48 68
4641240890982006784 4652007308841189376 4621819117588971520 0 2 67 68
9221120237041090560 4682458697010633328 4656946052270235000 13902724433743994192 2 19 19
4641240890982006784 4636737291354636288 13845191154443747328 4741671816366391296 0 66 66
4691516468711992940 13903333646453402944 4659209633122788614 4694557843477307312 3 63 63
4638144666238189568 4636737291354636288 4632233691727265792 4741671816366391296 0 72 51
4636737291354636288 4636737291354636288 4632233691727265792 4741671816366391296 0 66 66
4639481672377565184 4636737291354636288 4632233691727265792 4741671816366391296 0 77 77
4641240890982006784 4636737291354636288 4647503709213818880 0 2 64 68
4641240890982006784 4652007308841189376 4621819117588971520 0 2 21 68
9221120237041090560 4693155035574068700 4661717354110788716 4691028642863685528 2 46 46
4641240890982006784 4636737291354636288 13845191154443747328 4741671816366391296 0 23 23
13916585717995515542 4695685341276053844 4666259198403413477 4685348122100683680 2 63 63
4638144666238189568 4636737291354636288 4632233691727265792 4741671816366391296 0 36 51
4636737291354636288 4636737291354636288 4632233691727265792 4741671816366391296 0 63 63
4639481672377565184 4636737291354636288 4632233691727265792 4741671816366391296 0 77 77
4641240890982006784 4636737291354636288 4647503709213818880 0 2 65 68
4641240890982006784 4652007308841189376 4621819117588971520 0 2 68 68
9221120237041090560 13907382627546284912 4643662721256238931 4696573602946434058 2 6 6
4641240890982006784 4636737291354636288 13845191154443747328 4741671816366391296 0 60 60
4677310839867134848 13917386455609467187 4665924220672165701 4692162448061362124 3 56 56
4638144666238189568 4636737291354636288 4632233691727265792 4741671816366391296 0 43 51
4636737291354636288 4636737291354636288 4632233691727265792 4741671816366391296 0 39 39
4639481672377565184 4636737291354636288 4632233691727265792 4741671816366391296 0 21 21
4641240890982006784 4636737291354636288 4647503709213818880 0 2 24 68
4641240890982006784 4652007308841189376 4621819117588971520 0 2 49 68
9221120237041090560 13918886043284439336 4662255838246912270 13918221872949607142 2 24 24
4641240890982006784 4636737291354636288 13845191154443747328 4741671816366391296 0 9 9
13883062300222806784 4689061024022027752 4657698240059422426 13912160142786459702 3 26 26
4638144666238189568 4636737291354636288 4632233691727265792 4741671816366391296 0 42 51
4636737291354636288 4636737291354636288 4632233691727265792 4741671816366391296 0 24 24
4639481672377565184 4636737291354636288 4632233691727265792 4741671816366391296 0 48 48
4641240890982006784 4636737291354636288 4647503709213818880 0 2 54 68
4641240890982006784 4652007308841189376 4621819117588971520 0 2 13 68
9221120237041090560 4688929673695673508 4659403886033558895 4685676400349837984 2 13 13
4641240890982006784 4636737291354636288 13845191154443747328 4741671816366391296 0 2 2
4693578022401199864 4690918122446760656 4665387879477355374 4669211258631963968 3 36 36
4638144666238189568 4636737291354636288 4632233691727265792 4741671816366391296 0 34 51
4636737291354636288 4636737291354636288 4632233691727265792 4741671816366391296 0 17 17
4639481672377565184 4636737291354636288 4632233691727265792 4741671816366391296 0 58 58
4641240890982006784 4636737291354636288 4647503709213818880 0 2 22 68
4641240890982006784 4652007308841189376 4621819117588971520 0 2 7 68
9221120237041090560 13914901073509769424 4657066887174969488 13896127094045717344 2 2 2
4641240890982006784 4636737291354636288 13845191154443747328 4741671816366391296 0 42 42
4696044627520712362 13917931889854097690 4664829535831017317 13912977739284006202 1 65 65
4638144666238189568 4636737291354636288 4632233691727265792 4741671816366391296 0 66 51
4636737291354636288 4636737291354636288 4632233691727265792 4741671816366391296 0 45 45
4639481672377565184 4636737291354636288 4632233691727265792 4741671816366391296 0 71 71
4641240890982006784 4636737291354636288 4647503709213818880 0 2 37 68
4641240890982006784 4652007308841189376 4621819117588971520 0 2 77 68
9221120237041090560 4695896969859009588 4663547955994354211 13907872330352953924 2 49 49
4641240890982006784 4636737291354636288 13845191154443747328 4741671816366391296 0 67 67
13917720159690693097 13916207832352827764 4664272782291734693 4693341922040522366 1 50 50
4638144666238189568 4636737291354636288 4632233691727265792 4741671816366391296 0 14 51
4636737291354636288 4636737291354636288 4632233691727265792 4741671816366391296 0 48 48
4639481672377565184 4636737291354636288 4632233691727265792 4741671816366391296 0 62 62
4641240890982006784 4636737291354636288 4647503709213818880 0 2 5 68
4641240890982006784 4652007308841189376 4621819117588971520 0 2 32 68
9221120237041090560 13919620574892934238 4666499733169885481 4696182310967419948 2 7 7
4641240890982006784 4636737291354636288 13845191154443747328 4741671816366391296 0 28 28
13918723905298666175 4694902805040119820 4665895101026445912 13905692882166689448 2 18 18
4638144666238189568 4636737291354636288 4632233691727265792 4741671816366391296 0 6 51
4636737291354636288 4636737291354636288 4632233691727265792 4741671816366391296 0 42 42
4639481672377565184 4636737291354636288 4632233691727265792 4741671816366391296 0 49 49
4641240890982006784 4636737291354636288 4647503709213818880 0 2 16 68
4641240890982006784 4652007308841189376 4621819117588971520 0 2 47 68
9221120237041090560 13904971016198142920 4653445891011023184 13912657170459109444 2 7 7
4641240890982006784 4636737291354636288 13845191154443747328 4741671816366391296 0 0 0
13900782053701700832 13909090083222600988 4662564297451890366 4688793141158371628 3 28 28
4638144666238189568 4636737291354636288 4632233691727265792 4741671816366391296 0 66 51
4636737291354636288 4636737291354636288 4632233691727265792 4741671816366391296 0 74 74
4639481672377565184 4636737291354636288 4632233691727265792 4741671816366391296 0 42 42
4641240890982006784 4636737291354636288 4647503709213818880 0 2 77 68
4641240890982006784 4652007308841189376 4621819117588971520 0 2 13 68
9221120237041090560 13911167969003179960 4662579106117891693 4693422020717203018 2 66 66
4641240890982006784 4636737291354636288 13845191154443747328 4741671816366391296 0 74 74
4695478796004447416 4686089190840673504 4654366923346675192 4692370766705234024 0 11 11
4638144666238189568 4636737291354636288 4632233691727265792 4741671816366391296 0 33 51
4636737291354636288 4636737291354636288 4632233691727265792 4741671816366391296 0 9 9
4639481672377565184 4636737291354636288 4632233691727265792 4741671816366391296 0 59 59
4641240890982006784 4636737291354636288 4647503709213818880 0 2 48 68
4641240890982006784 4652007308841189376 4621819117588971520 0 2 63 68
9221120237041090560 4696421107122610158 4661885847046479061 4695039638840573108 2 72 72
4641240890982006784 4636737291354636288 13845191154443747328 4741671816366391296 0 32 32
13919628358161743398 13919824351946158979 4666156662134646332 4693327394508349850 0 32 32
4638144666238189568 4636737291354636288 4632233691727265792 4741671816366391296 0 23 51
4636737291354636288 4636737291354636288 4632233691727265792 4741671816366391296 0 48 48
4639481672377565184 4636737291354636288 4632233691727265792 4741671816366391296 0 72 72
4641240890982006784 4636737291354636288 4647503709213818880 0 2 1 68
4641240890982006784 4652007308841189376 4621819117588971520 0 2 47 68
9221120237041090560 13915177553796440976 4665924426335861769 13909884650990891568 2 22 22
4641240890982006784 4636737291354636288 13845191154443747328 4741671816366391296 0 48 48
4692813740310197648 4693363255639337570 4660388823030843526 4694877228541962850 1 77 77
4638144666238189568 4636737291354636288 4632233691727265792 4741671816366391296 0 51 51
4636737291354636288 4636737291354636288 4632233691727265792 4741671816366391296 0 42 42
4639481672377565184 4636737291354636288 4632233691727265792 4741671816366391296 0 42 42
4641240890982006784 4636737291354636288 4647503709213818880 0 2 70 68
4641240890982006784 4652007308841189376 4621819117588971520 0 2 23 68
9221120237041090560 4691921606097601908 4653801982626025716 4696315239073452148 2 69 69
4641240890982006784 4636737291354636288 13845191154443747328 4741671816366391296 0 15 15
4692989046122043230 13913283380623882568 4624290175942387192 4690748158627057136 3 17 17
4638144666238189568 4636737291354636288 4632233691727265792 4741671816366391296 0 24 51
4636737291354636288 4636737291354636288 4632233691727265792 4741671816366391296 0 79 79
4639481672377565184 4636737291354636288 4632233691727265792 4741671816366391296 0 36 36
4641240890982006784 4636737291354636288 4647503709213818880 0 2 18 68
4641240890982006784 4652007308841189376 4621819117588971520 0 2 72 68
9221120237041090560 13917441259787397554 4659957219134499296 13904851201765587200 2 47 47
4641240890982006784 4636737291354636288 13845191154443747328 4741671816366391296 0 28 28
4692685493803673012 13908395993887739456 4665851768199959320 4695134361912369244 3 68 68
4638144666238189568 4636737291354636288 4632233691727265792 4741671816366391296 0 17 51
4636737291354636288 4636737291354636288 4632233691727265792 4741671816366391296 0 56 56
4639481672377565184 4636737291354636288 4632233691727265792 4741671816366391296 0 15 15
4641240890982006784 4636737291354636288 4647503709213818880 0 2 66 68
4641240890982006784 4652007308841189376 4621819117588971520 0 2 52 68
9221120237041090560 13918489646522505962 4664280127343559962 4693397210013776810 2 66 66
4641240890982006784 4636737291354636288 13845191154443747328 4741671816366391296 0 29 29
13916727801522910118 4695885318629399412 4642571764042882438 13908937449034425820 1 41 41
4638144666238189568 4636737291354636288 4632233691727265792 4741671816366391296 0 57 51
4636737291354636288 4636737291354636288 4632233691727265792 4741671816366391296 0 23 23
4639481672377565184 4636737291354636288 4632233691727265792 4741671816366391296 0 15 15
4641240890982006784 4636737291354636288 4647503709213818880 0 2 46 68
4641240890982006784 4652007308841189376 4621819117588971520 0 2 9 68
9221120237041090560 4693144500118849878 4635534584716148416 13917084856261795745 2 23 23
4641240890982006784 4636737291354636288 13845191154443747328 4741671816366391296 0 42 42
13908708359223424912 13916564699598118400 4663021580197726488 13918730324671487195 0 18 18
4638144666238189568 4636737291354636288 4632233691727265792 4741671816366391296 0 13 51
4636737291354636288 4636737291354636288 4632233691727265792 4741671816366391296 0 69 69
4639481672377565184 4636737291354636288 4632233691727265792 4741671816366391296 0 28 28
4641240890982006784 4636737291354636288 4647503709213818880 0 2 68 68
4641240890982006784 4652007308841189376 4621819117588971520 0 2 36 68
9221120237041090560 13916682024118977294 4666528740013487595 4695478555812404324 2 73 73
4641240890982006784 4636737291354636288 13845191154443747328 4741671816366391296 0 1 1
13919208414935941785 4695575890706448674 4665589942218601357 13916268973984134698 2 40 40
4638144666238189568 4636737291354636288 4632233691727265792 4741671816366391296 0 32 51
4636737291354636288 4636737291354636288 4632233691727265792 4741671816366391296 0 1 1
4639481672377565184 4636737291354636288 4632233691727265792 4741671816366391296 0 50 50
4641240890982006784 4636737291354636288 4647503709213818880 0 2 0 68
4641240890982006784 4652007308841189376 4621819117588971520 0 2 30 68
9221120237041090560 13910206791046299016 4666370132754235340 13904164784552905432 2 21 21
4641240890982006784 4636737291354636288 13845191154443747328 4741671816366391296 0 11 11
13918013743719759278 13909423256840520528 4665393165008470210 4693521467414527408 1 64 64
4638144666238189568 4636737291354636288 4632233691727265792 4741671816366391296 0 49 51
4636737291354636288 4636737291354636288 4632233691727265792 4741671816366391296 0 57 57
4639481672377565184 4636737291354636288 4632233691727265792 4741671816366391296 0 12 12
4641240890982006784 4636737291354636288 4647503709213818880 0 2 64 68
4641240890982006784 4652007308841189376 4621819117588971520 0 2 16 68
9221120237041090560 13910029620356940756 4658626616734229283 13915254604448763398 2 58 58
4641240890982006784 4636737291354636288 13845191154443747328 4741671816366391296 0 39 39
13895918211906343136 13911502977782163840 4652533851694281197 13916658507782243728 2 42 68
4638144666238189568 4636737291354636288 4632233691727265792 4741671816366391296 0 24 51
4636737291354636288 4636737291354636288 4632233691727265792 4741671816366391296 0 53 53
4639481672377565184 4636737291354636288 4632233691727265792 4741671816366391296 0 28 28
4641240890982006784 4636737291354636288 4647503709213818880 0 2 29 68
4641240890982006784 4652007308841189376 4621819117588971520 0 2 15 68
9221120237041090560 13916458695109604888 4666184616714766034 13908191706602012296 2 58 58
4641240890982006784 4636737291354636288 13845191154443747328 4741671816366391296 0 26 26
13917024407475343474 4696534490611358776 4663135601990955328 4689338651165273416 3 47 47
4638144666238189568 4636737291354636288 4632233691727265792 4741671816366391296 0 3 51
4636737291354636288 4636737291354636288 4632233691727265792 4741671816366391296 0 60 60
4639481672377565184 4636737291354636288 4632233691727265792 4741671816366391296 0 67 67
4641240890982006784 4636737291354636288 4647503709213818880 0 2 58 68
4641240890982006784 4652007308841189376 4621819117588971520 0 2 15 68
9221120237041090560 13919229595325706363 4647821914641523597 4688944976927187092 2 14 14
4641240890982006784 4636737291354636288 13845191154443747328 4741671816366391296 0 11 11
13919249716487701928 4694903432083187206 4660266873922786339 4684652940914656064 2 38 38
4638144666238189568 4636737291354636288 4632233691727265792 4741671816366391296 0 65 51
4636737291354636288 4636737291354636288 4632233691727265792 4741671816366391296 0 32 32
4639481672377565184 4636737291354636288 4632233691727265792 4741671816366391296 0 22 22
4641240890982006784 4636737291354636288 4647503709213818880 0 2 39 68
4641240890982006784 4652007308841189376 4621819117588971520 0 2 58 68
9221120237041090560 13908095139548712340 4654423454985787167 13915128255353664886 2 4 4
4641240890982006784 4636737291354636288 13845191154443747328 4741671816366391296 0 56 56
4696366926378098850 4688350552906138284 4645940512116538513 13908055218070783644 0 25 25
4638144666238189568 4636737291354636288 4632233691727265792 4741671816366391296 0 12 51
4636737291354636288 4636737291354636288 4632233691727265792 4741671816366391296 0 37 37
4639481672377565184 4636737291354636288 4632233691727265792 4741671816366391296 0 29 29
4641240890982006784 4636737291354636288 4647503709213818880 0 2 49 68
4641240890982006784 4652007308841189376 4621819117588971520 0 2 39 68
9221120237041090560 4677446074148696288 4639290521049147104 4694074366186186546 2 2 2
4641240890982006784 4636737291354636288 13845191154443747328 4741671816366391296 0 35 35
13916188578666755466 13919702842650005614 4652675717171819189 13909953420188736564 3 64 64
4638144666238189568 4636737291354636288 4632233691727265792 4741671816366391296 0 75 51
4636737291354636288 4636737291354636288 4632233691727265792 4741671816366391296 0 46 46
4639481672377565184 4636737291354636288 4632233691727265792 4741671816366391296 0 20 20
4641240890982006784 4636737291354636288 4647503709213818880 0 2 33 68
4641240890982006784 4652007308841189376 4621819117588971520 0 2 56 68
9221120237041090560 4693497906509043234 4664645584399913201 13903351127456671960 2 45 45
4641240890982006784 4636737291354636288 13845191154443747328 4741671816366391296 0 71 71
13917535496954923540 4666087260776064576 4657805492191706452 13904260114649071696 0 30 30
4638144666238189568 4636737291354636288 4632233691727265792 4741671816366391296 0 55 51
4636737291354636288 4636737291354636288 4632233691727265792 4741671816366391296 0 64 64
4639481672377565184 4636737291354636288 4632233691727265792 4741671816366391296 0 53 53
4641240890982006784 4636737291354636288 4647503709213818880 0 2 31 68
4641240890982006784 4652007308841189376 4621819117588971520 0 2 53 68
9221120237041090560 13917252714888895097 4659670267242729695 13916427640873000144 2 62 62
4641240890982006784 4636737291354636288 13845191154443747328 4741671816366391296 0 70 70
13907607785441505720 4694911690509384422 4656881550937777057 13912488334092803760 2 70 68
4638144666238189568 4636737291354636288 4632233691727265792 4741671816366391296 0 77 51
4636737291354636288 4636737291354636288 4632233691727265792 4741671816366391296 0 40 40
4639481672377565184 4636737291354636288 4632233691727265792 4741671816366391296 0 78 78
4641240890982006784 4636737291354636288 4647503709213818880 0 2 18 68
4641240890982006784 4652007308841189376 4621819117588971520 0 2 15 68
9221120237041090560 4696320814807726130 4665919710363426281 13917483427987093387 2 38 38
4641240890982006784 4636737291354636288 13845191154443747328 4741671816366391296 0 7 7
4694332249498432046 4689773848923821960 4665105536687321645 4695655901832122094 2 19 19
4638144666238189568 4636737291354636288 4632233691727265792 4741671816366391296 0 59 51
4636737291354636288 4636737291354636288 4632233691727265792 4741671816366391296 0 12 12
4639481672377565184 4636737291354636288 4632233691727265792 4741671816366391296 0 71 71
4641240890982006784 4636737291354636288 4647503709213818880 0 2 12 68
4641240890982006784 4652007308841189376 4621819117588971520 0 2 56 68
9221120237041090560 13916399654221290641 4650513495104158101 4693278684213652266 2 20 20
4641240890982006784 4636737291354636288 13845191154443747328 4741671816366391296 0 37 37
13916526791986074733 13919133373799386003 4658629799002827782 13919081144182942916 3 69 69
4638144666238189568 4636737291354636288 4632233691727265792 4741671816366391296 0 47 51
4636737291354636288 4636737291354636288 4632233691727265792 4741671816366391296 0 52 52
4639481672377565184 4636737291354636288 4632233691727265792 4741671816366391296 0 34 34
4641240890982006784 4636737291354636288 4647503709213818880 0 2 44 68
4641240890982006784 4652007308841189376 4621819117588971520 0 2 32 68
9221120237041090560 13917907016307409170 4666142428313934075 13913634419624441814 2 70 70
4641240890982006784 4636737291354636288 13845191154443747328 4741671816366391296 0 41 41
4690495119084859864 13919466355306943217 4664842386000602755 4683025664977131088 3 15 15
4638144666238189568 4636737291354636288 4632233691727265792 4741671816366391296 0 22 51
4636737291354636288 4636737291354636288 4632233691727265792 4741671816366391296 0 23 23
4639481672377565184 4636737291354636288 4632233691727265792 4741671816366391296 0 42 42
4641240890982006784 4636737291354636288 4647503709213818880 0 2 65 68
4641240890982006784 4652007308841189376 4621819117588971520 0 2 36 68
9221120237041090560 13918831850064877028 4665098236256658402 13916087220105929558 2 24 24
4641240890982006784 4636737291354636288 13845191154443747328 4741671816366391296 0 2 2
13916916084790049586 4695533866791333642 4662408289891180694 13914422579966951714 2 32 32
4638144666238189568 4636737291354636288 4632233691727265792 4741671816366391296 0 0 51
4636737291354636288 4636737291354636288 4632233691727265792 4741671816366391296 0 32 32
4639481672377565184 4636737291354636288 4632233691727265792 4741671816366391296 0 75 75
4641240890982006784 4636737291354636288 4647503709213818880 0 2 52 68
4641240890982006784 4652007308841189376 4621819117588971520 0 2 50 68
9221120237041090560 4695123015536556530 4662073735963795762 4692967674904637498 2 63 63
4641240890982006784 4636737291354636288 13845191154443747328 4741671816366391296 0 52 52
4695777176002640796 4693406822838225708 4645893992689294075 13911251214875542768 2 47 68
4638144666238189568 4636737291354636288 4632233691727265792 4741671816366391296 0 51 51
4636737291354636288 4636737291354636288 4632233691727265792 4741671816366391296 0 65 65
4639481672377565184 4636737291354636288 4632233691727265792 4741671816366391296 0 74 74
4641240890982006784 4636737291354636288 4647503709213818880 0 2 45 68
4641240890982006784 4652007308841189376 4621819117588971520 0 2 20 68
9221120237041090560 13912175385487993286 4662119172474449761 13919586933568379256 2 76 76
4641240890982006784 4636737291354636288 13845191154443747328 4741671816366391296 0 6 6
4690076929108603412 4692041710462818672 4663257659260430268 4660393479032080384 0 0 0
4638144666238189568 4636737291354636288 4632233691727265792 4741671816366391296 0 44 51
4636737291354636288 4636737291354636288 4632233691727265792 4741671816366391296 0 37 37
4639481672377565184 4636737291354636288 4632233691727265792 4741671816366391296 0 58 58
4641240890982006784 4636737291354636288 4647503709213818880 0 2 36 68
4641240890982006784 4652007308841189376 4621819117588971520 0 2 55 68
9221120237041090560 13916221004565974685 4662623231161835417 13917536082878089788 2 30 30
4641240890982006784 4636737291354636288 13845191154443747328 4741671816366391296 0 45 45
13917374951097470294 4694222759450340990 13859227777240986394 4695483992206840790 1 22 22
4638144666238189568 4636737291354636288 4632233691727265792 4741671816366391296 0 50 51
4636737291354636288 4636737291354636288 4632233691727265792 4741671816366391296 0 66 66
4639481672377565184 4636737291354636288 4632233691727265792 4741671816366391296 0 54 54
4641240890982006784 4636737291354636288 4647503709213818880 0 2 64 68
4641240890982006784 4652007308841189376 4621819117588971520 0 2 13 68
9221120237041090560 13899659211306143680 4665971344865237634 13914265973392263478 2 13 13
4641240890982006784 4636737291354636288 13845191154443747328 4741671816366391296 0 64 64
4694827963937343542 4696764052365748618 4659099797894275589 4696379475095932754 1 69 69
4638144666238189568 4636737291354636288 4632233691727265792 4741671816366391296 0 52 51
4636737291354636288 4636737291354636288 4632233691727265792 4741671816366391296 0 67 67
4639481672377565184 4636737291354636288 4632233691727265792 4741671816366391296 0 79 79
4641240890982006784 4636737291354636288 4647503709213818880 0 2 0 68
4641240890982006784 4652007308841189376 4621819117588971520 0 2 27 68
9221120237041090560 4689776440080295920 4666078608673410651 4696307684152563794 2 29 29
4641240890982006784 4636737291354636288 13845191154443747328 4741671816366391296 0 34 34
13908367106292936248 13913046695276710904 4656942240234107880 13914416466015694470 2 78 68
4638144666238189568 4636737291354636288 4632233691727265792 4741671816366391296 0 11 51
4636737291354636288 4636737291354636288 4632233691727265792 4741671816366391296 0 25 25
4639481672377565184 4636737291354636288 4632233691727265792 4741671816366391296 0 30 30
4641240890982006784 4636737291354636288 4647503709213818880 0 2 60 68
4641240890982006784 4652007308841189376 4621819117588971520 0 2 64 68
9221120237041090560 4693325419756801254 4655330259708384743 13912771936280134300 2 43 43
4641240890982006784 4636737291354636288 13845191154443747328 4741671816366391296 0 45 45
13913282051525760838 13918603907690366664 4646652898478148652 4692360495416795832 3 48 48
4638144666238189568 4636737291354636288 4632233691727265792 4741671816366391296 0 45 51
4636737291354636288 4636737291354636288 4632233691727265792 4741671816366391296 0 31 31
4639481672377565184 4636737291354636288 4632233691727265792 4741671816366391296 0 43 43
4641240890982006784 4636737291354636288 4647503709213818880 0 2 47 68
4641240890982006784 4652007308841189376 4621819117588971520 0 2 31 68
9221120237041090560 4677005671038896608 4664359730358816436 13912622980350552460 2 78 78
4641240890982006784 4636737291354636288 13845191154443747328 4741671816366391296 0 16 16
4694446575305192088 13916734448969280834 4665587416459309094 13902688527877866280 3 72 72
4638144666238189568 4636737291354636288 4632233691727265792 4741671816366391296 0 70 51
4636737291354636288 4636737291354636288 4632233691727265792 4741671816366391296 0 51 51
4639481672377565184 4636737291354636288 4632233691727265792 4741671816366391296 0 2 2
4641240890982006784 4636737291354636288 4647503709213818880 0 2 2 68
4641240890982006784 4652007308841189376 4621819117588971520 0 2 62 68
9221120237041090560 13898032926585057408 4666617987764081909 13916707357555141088 2 65 65
4641240890982006784 4636737291354636288 13845191154443747328 4741671816366391296 0 30 30
4694146140688262610 4694340990761362304 4662898001140097090 4680156372538688656 1 79 79
4638144666238189568 4636737291354636288 4632233691727265792 4741671816366391296 0 62 51
4636737291354636288 4636737291354636288 4632233691727265792 4741671816366391296 0 50 50
4639481672377565184 4636737291354636288 4632233691727265792 4741671816366391296 0 28 28
4641240890982006784 4636737291354636288 4647503709213818880 0 2 38 68
4641240890982006784 4652007308841189376 4621819117588971520 0 2 39 68
9221120237041090560 13903498503439446696 4666717225320771697 4696276564839568108 2 18 18
4641240890982006784 4636737291354636288 13845191154443747328 4741671816366391296 0 39 39
4691724359068454716 4690143208145005560 4666362742836076807 13919629184994535730 1 20 20
4638144666238189568 4636737291354636288 4632233691727265792 4741671816366391296 0 1 51
4636737291354636288 4636737291354636288 4632233691727265792 4741671816366391296 0 0 0
4639481672377565184 4636737291354636288 4632233691727265792 4741671816366391296 0 42 42
4641240890982006784 4636737291354636288 4647503709213818880 0 2 15 68
4641240890982006784 4652007308841189376 4621819117588971520 0 2 27 68
9221120237041090560 4693175831958582086 4662056947207058260 4695581980271555302 2 50 50
4641240890982006784 4636737291354636288 13845191154443747328 4741671816366391296 0 67 67
4690101840914407036 13912468871211036404 4661350259438987454 13919361234401452110 1 4 4
4638144666238189568 4636737291354636288 4632233691727265792 4741671816366391296 0 42 51
4636737291354636288 4636737291354636288 4632233691727265792 4741671816366391296 0 50 50
4639481672377565184 4636737291354636288 4632233691727265792 4741671816366391296 0 3 3
4641240890982006784 4636737291354636288 4647503709213818880 0 2 2 68
4641240890982006784 4652007308841189376 4621819117588971520 0 2 28 68
9221120237041090560 13920035126335133233 4665420489096867642 13905632020720603128 2 37 37
4641240890982006784 4636737291354636288 13845191154443747328 4741671816366391296 0 31 31
13919240622186067390 13917365626582371742 4661989834411176074 4690104962849424884 3 19 19
4638144666238189568 4636737291354636288 4632233691727265792 4741671816366391296 0 21 51
4636737291354636288 4636737291354636288 4632233691727265792 4741671816366391296 0 9 9
4639481672377565184 4636737291354636288 4632233691727265792 4741671816366391296 0 65 65
4641240890982006784 4636737291354636288 4647503709213818880 0 2 53 68
4641240890982006784 4652007308841189376 4621819117588971520 0 2 45 68
9221120237041090560 13913099483490347126 4635044776734232014 13914721112055149940 2 43 43
4641240890982006784 4636737291354636288 13845191154443747328 4741671816366391296 0 15 15
4689762654156242892 13911714820859731628 4658211604717029077 13916342566700834318 1 49 49
4638144666238189568 4636737291354636288 4632233691727265792 4741671816366391296 0 35 51
4636737291354636288 4636737291354636288 4632233691727265792 4741671816366391296 0 21 21
4639481672377565184 4636737291354636288 4632233691727265792 4741671816366391296 0 17 17
4641240890982006784 4636737291354636288 4647503709213818880 0 2 50 68
4641240890982006784 4652007308841189376 4621819117588971520 0 2 12 68
9221120237041090560 13915721547927825195 4663267188949383883 4691232105902575020 2 2 2
4641240890982006784 4636737291354636288 13845191154443747328 4741671816366391296 0 33 33
13913187212843033734 4689000652332855716 4658465674582170556 13916889326152211734 0 4 4
4638144666238189568 4636737291354636288 4632233691727265792 4741671816366391296 0 66 51
4636737291354636288 4636737291354636288 4632233691727265792 4741671816366391296 0 70 70
4639481672377565184 4636737291354636288 4632233691727265792 4741671816366391296 0 13 13
4641240890982006784 4636737291354636288 4647503709213818880 0 2 22 68
4641240890982006784 4652007308841189376 4621819117588971520 0 2 60 68
9221120237041090560 4684004814768688352 4658183592148342240 13909218364927003036 2 54 54
4641240890982006784 4636737291354636288 13845191154443747328 4741671816366391296 0 67 67
13912489829294008740 4684674909410955784 4665145720927707710 13916387572903898143 0 28 28
4638144666238189568 4636737291354636288 4632233691727265792 4741671816366391296 0 71 51
4636737291354636288 4636737291354636288 4632233691727265792 4741671816366391296 0 76 76
4639481672377565184 4636737291354636288 4632233691727265792 4741671816366391296 0 25 25
4641240890982006784 4636737291354636288 4647503709213818880 0 2 53 68
4641240890982006784 4652007308841189376 4621819117588971520 0 2 72 68
9221120237041090560 4680988160235165584 4660903226117481746 13913163446236860318 2 44 44
4641240890982006784 4636737291354636288 13845191154443747328 4741671816366391296 0 1 1
4693673361193877494 4695470385628733462 4660416543614545103 4694035558393513386 0 55 55
4638144666238189568 4636737291354636288 4632233691727265792 4741671816366391296 0 76 51
4636737291354636288 4636737291354636288 4632233691727265792 4741671816366391296 0 13 13
4639481672377565184 4636737291354636288 4632233691727265792 4741671816366391296 0 46 46
4641240890982006784 4636737291354636288 4647503709213818880 0 2 66 68
4641240890982006784 4652007308841189376 4621819117588971520 0 2 1 68
9221120237041090560 4694798255688750168 4653064755866340226 4690013426018909932 2 46 46
4641240890982006784 4636737291354636288 13845191154443747328 4741671816366391296 0 31 31
13912023028684750496 13915367254008139492 4655817145693401369 4694916834565492414 3 2 2
4638144666238189568 4636737291354636288 4632233691727265792 4741671816366391296 0 78 51
4636737291354636288 4636737291354636288 4632233691727265792 4741671816366391296 0 8 8
4639481672377565184 4636737291354636288 4632233691727265792 4741671816366391296 0 54 54
4641240890982006784 4636737291354636288 4647503709213818880 0 2 51 68
4641240890982006784 4652007308841189376 4621819117588971520 0 2 12 68
9221120237041090560 13917795354170005120 4665172814419400180 4690751886725434704 2 34 34
4641240890982006784 4636737291354636288 13845191154443747328 4741671816366391296 0 35 35
13919786152266897460 13914263663252850330 4666592767738137824 13916274977936106466 3 30 30
4638144666238189568 4636737291354636288 4632233691727265792 4741671816366391296 0 37 51
4636737291354636288 4636737291354636288 4632233691727265792 4741671816366391296 0 50 50
4639481672377565184 4636737291354636288 4632233691727265792 4741671816366391296 0 47 47
4641240890982006784 4636737291354636288 4647503709213818880 0 2 68 68
4641240890982006784 4652007308841189376 4621819117588971520 0 2 59 68
9221120237041090560 4690871177544423000 4662799396386680422 13919188376341223148 2 16 16
4641240890982006784 4636737291354636288 13845191154443747328 4741671816366391296 0 41 41
13911569027270892340 4689279240358945180 4655539083455371789 13917802061008706780 0 71 71
4638144666238189568 4636737291354636288 4632233691727265792 4741671816366391296 0 24 51
4636737291354636288 4636737291354636288 4632233691727265792 4741671816366391296 0 29 29
4639481672377565184 4636737291354636288 4632233691727265792 4741671816366391296 0 33 33
4641240890982006784 4636737291354636288 4647503709213818880 0 2 65 68
4641240890982006784 4652007308841189376 4621819117588971520 0 2 38 68
9221120237041090560 4685219384973185664 4664461734511771682 4693091639546887140 2 12 12
4641240890982006784 4636737291354636288 13845191154443747328 4741671816366391296 0 5 5
13905427583139497952 13918147347456384139 4662683639107830140 13909119649042263572 3 45 45
4638144666238189568 4636737291354636288 4632233691727265792 4741671816366391296 0 64 51
4636737291354636288 4636737291354636288 4632233691727265792 4741671816366391296 0 52 52
4639481672377565184 4636737291354636288 4632233691727265792 4741671816366391296 0 75 75
4641240890982006784 4636737291354636288 4647503709213818880 0 2 66 68
4641240890982006784 4652007308841189376 4621819117588971520 0 2 37 68
9221120237041090560 13919792745889291675 4666675978517201160 13919305680856574882 2 79 79
4641240890982006784 4636737291354636288 13845191154443747328 4741671816366391296 0 76 76
4688174116818988696 4687264681547735608 13834377628547217536 13916413257299382829 1 44 44
4638144666238189568 4636737291354636288 4632233691727265792 4741671816366391296 0 24 51
4636737291354636288 4636737291354636288 4632233691727265792 4741671816366391296 0 55 55
4639481672377565184 4636737291354636288 4632233691727265792 4741671816366391296 0 20 20
4641240890982006784 4636737291354636288 4647503709213818880 0 2 56 68
4641240890982006784 4652007308841189376 4621819117588971520 0 2 33 68
9221120237041090560 4694755970148728260 4661225638791379412 4684341886427235896 2 48 48
4641240890982006784 4636737291354636288 13845191154443747328 4741671816366391296 0 75 75
4694071922370347164 13920154159322253661 4661416086757490365 4680723307820036304 0 14 14
4638144666238189568 4636737291354636288 4632233691727265792 4741671816366391296 0 48 51
4636737291354636288 4636737291354636288 4632233691727265792 4741671816366391296 0 25 25
4639481672377565184 4636737291354636288 4632233691727265792 4741671816366391296 0 72 72
4641240890982006784 4636737291354636288 4647503709213818880 0 2 12 68
4641240890982006784 4652007308841189376 4621819117588971520 0 2 52 68
9221120237041090560 4696508102610404330 4664878496751442923 13907380675972445500 2 76 76
4641240890982006784 4636737291354636288 13845191154443747328 4741671816366391296 0 13 13
13916246287517580638 13912105519008757080 4658303868599119354 13916140021531227970 3 1 1
4638144666238189568 4636737291354636288 4632233691727265792 4741671816366391296 0 61 51
4636737291354636288 4636737291354636288 4632233691727265792 4741671816366391296 0 6 6
4639481672377565184 4636737291354636288 4632233691727265792 4741671816366391296 0 13 13
4641240890982006784 4636737291354636288 4647503709213818880 0 2 14 68
4641240890982006784 4652007308841189376 4621819117588971520 0 2 5 68
9221120237041090560 13919026764624779596 4658694533911872777 4680720764047880480 2 26 26
4641240890982006784 4636737291354636288 13845191154443747328 4741671816366391296 0 68 68
13918285999888677285 4688653983537792724 4665519365605735442 13919026991008556499 1 63 63
4638144666238189568 4636737291354636288 4632233691727265792 4741671816366391296 0 40 51
4636737291354636288 4636737291354636288 4632233691727265792 4741671816366391296 0 29 29
4639481672377565184 4636737291354636288 4632233691727265792 4741671816366391296 0 52 52
4641240890982006784 4636737291354636288 4647503709213818880 0 2 29 68
4641240890982006784 4652007308841189376 4621819117588971520 0 2 12 68
9221120237041090560 13913013165126047820 4663272642652664955 13903241844773370160 2 36 36
4641240890982006784 4636737291354636288 13845191154443747328 4741671816366391296 0 28 28
13917446734585843306 4696663489247392278 4646045885374142914 13918081053506633738 0 50 50
4638144666238189568 4636737291354636288 4632233691727265792 4741671816366391296 0 0 51
4636737291354636288 4636737291354636288 4632233691727265792 4741671816366391296 0 27 27
4639481672377565184 4636737291354636288 4632233691727265792 4741671816366391296 0 4 4
4641240890982006784 4636737291354636288 4647503709213818880 0 2 57 68
4641240890982006784 4652007308841189376 4621819117588971520 0 2 36 68
9221120237041090560 4680196762472592400 4666363614969430883 4691689603189729036 2 79 79
4641240890982006784 4636737291354636288 13845191154443747328 4741671816366391296 0 10 10
4684081018285348192 4693326275577257036 4639134831000975036 13911824430439877510 0 29 29
4638144666238189568 4636737291354636288 4632233691727265792 4741671816366391296 0 15 51
4636737291354636288 4636737291354636288 4632233691727265792 4741671816366391296 0 9 9
4639481672377565184 4636737291354636288 4632233691727265792 4741671816366391296 0 77 77
4641240890982006784 4636737291354636288 4647503709213818880 0 2 78 68
4641240890982006784 4652007308841189376 4621819117588971520 0 2 33 68
9221120237041090560 13916931834508904918 4666164398723085892 13919543887689984149 2 66 66
4641240890982006784 4636737291354636288 13845191154443747328 4741671816366391296 0 51 51
13914543586028194130 13904086934230302560 4666068163293096386 13914635664497764328 2 33 68
4638144666238189568 4636737291354636288 4632233691727265792 4741671816366391296 0 63 51
4636737291354636288 4636737291354636288 4632233691727265792 4741671816366391296 0 64 64
4639481672377565184 4636737291354636288 4632233691727265792 4741671816366391296 0 60 60
4641240890982006784 4636737291354636288 4647503709213818880 0 2 13 68
4641240890982006784 4652007308841189376 4621819117588971520 0 2 43 68
9221120237041090560 13913680782200842788 4666473230146247858 13916638316168156579 2 79 79
4641240890982006784 4636737291354636288 13845191154443747328 4741671816366391296 0 0 0
4693590459722215906 4689169199617841656 4665846584407196045 13906134137341700248 0 4 4
4638144666238189568 4636737291354636288 4632233691727265792 4741671816366391296 0 3 51
4636737291354636288 4636737291354636288 4632233691727265792 4741671816366391296 0 71 71
4639481672377565184 4636737291354636288 4632233691727265792 4741671816366391296 0 38 38
4641240890982006784 4636737291354636288 4647503709213818880 0 2 14 68
4641240890982006784 4652007308841189376 4621819117588971520 0 2 40 68
9221120237041090560 13918199341673910296 4666228605418020368 4695085554888750384 2 39 39
4641240890982006784 4636737291354636288 13845191154443747328 4741671816366391296 0 7 7
13916043710448607841 4691936067281815112 4649771094781049915 13910142788576007964 2 62 62
4638144666238189568 4636737291354636288 4632233691727265792 4741671816366391296 0 40 51
4636737291354636288 4636737291354636288 4632233691727265792 4741671816366391296 0 78 78
4639481672377565184 4636737291354636288 4632233691727265792 4741671816366391296 0 46 46
4641240890982006784 4636737291354636288 4647503709213818880 0 2 74 68
4641240890982006784 4652007308841189376 4621819117588971520 0 2 56 68
9221120237041090560 4695541303141562716 4655049079444873934 4695903462698584392 2 27 27
4641240890982006784 4636737291354636288 13845191154443747328 4741671816366391296 0 25 25
4688141718957957592 4689590931135561884 4658617306910004345 13914251274415641734 1 42 42
4638144666238189568 4636737291354636288 4632233691727265792 4741671816366391296 0 76 51
4636737291354636288 4636737291354636288 4632233691727265792 4741671816366391296 0 6 6
4639481672377565184 4636737291354636288 4632233691727265792 4741671816366391296 0 26 26
4641240890982006784 4636737291354636288 4647503709213818880 0 2 27 68
4641240890982006784 4652007308841189376 4621819117588971520 0 2 24 68
9221120237041090560 4687861426247865864 4656346594445782620 4693014705750886364 2 6 6
4641240890982006784 4636737291354636288 13845191154443747328 4741671816366391296 0 71 71
13914169286533698994 4692499372442453180 4665789611807626067 13908271176694700752 3 77 77
4638144666238189568 4636737291354636288 4632233691727265792 4741671816366391296 0 50 51
4636737291354636288 4636737291354636288 4632233691727265792 4741671816366391296 0 9 9
4639481672377565184 4636737291354636288 4632233691727265792 4741671816366391296 0 19 19
4641240890982006784 4636737291354636288 4647503709213818880 0 2 54 68
4641240890982006784 4652007308841189376 4621819117588971520 0 2 0 68
9221120237041090560 4689842173606173684 4660790271437455785 4694616764256132066 2 35 35
4641240890982006784 4636737291354636288 13845191154443747328 4741671816366391296 0 36 36
4688575806725251968 4686647990749935008 4662635428325182641 13913570658076212738 3 44 44
4638144666238189568 4636737291354636288 4632233691727265792 4741671816366391296 0 15 51
4636737291354636288 4636737291354636288 4632233691727265792 4741671816366391296 0 54 54
4639481672377565184 4636737291354636288 4632233691727265792 4741671816366391296 0 45 45
4641240890982006784 4636737291354636288 4647503709213818880 0 2 58 68
4641240890982006784 4652007308841189376 4621819117588971520 0 2 19 68
9221120237041090560 13905582707229307736 4666028779543945258 4696084170084728004 2 18 18
4641240890982006784 4636737291354636288 13845191154443747328 4741671816366391296 0 13 13
4692127025611667164 4694802918491546292 4660100685429225046 13913572149482601406 1 37 37
4638144666238189568 4636737291354636288 4632233691727265792 4741671816366391296 0 31 51
4636737291354636288 4636737291354636288 4632233691727265792 4741671816366391296 0 62 62
4639481672377565184 4636737291354636288 4632233691727265792 4741671816366391296 0 17 17
4641240890982006784 4636737291354636288 4647503709213818880 0 2 38 68
4641240890982006784 4652007308841189376 4621819117588971520 0 2 57 68
9221120237041090560 4696160578016840898 4662057106619113646 4690641719202377176 2 44 44
4641240890982006784 4636737291354636288 13845191154443747328 4741671816366391296 0 71 71
13908834147700350188 13920028337741808175 4662464214506206448 13917189973357097831 1 48 48
4638144666238189568 4636737291354636288 4632233691727265792 4741671816366391296 0 19 51
4636737291354636288 4636737291354636288 4632233691727265792 4741671816366391296 0 52 52
4639481672377565184 4636737291354636288 4632233691727265792 4741671816366391296 0 22 22
4641240890982006784 4636737291354636288 4647503709213818880 0 2 60 68
4641240890982006784 4652007308841189376 4621819117588971520 0 2 47 68
9221120237041090560 13915115007403523990 4663410660280866247 4694524348355746468 2 57 57
4641240890982006784 4636737291354636288 13845191154443747328 4741671816366391296 0 51 51
4688324304792878020 4694801165399192738 4666533371152257446 13916394951393357704 0 29 29
4638144666238189568 4636737291354636288 4632233691727265792 4741671816366391296 0 13 51
4636737291354636288 4636737291354636288 4632233691727265792 4741671816366391296 0 79 79
4639481672377565184 4636737291354636288 4632233691727265792 4741671816366391296 0 63 63
4641240890982006784 4636737291354636288 4647503709213818880 0 2 24 68
4641240890982006784 4652007308841189376 4621819117588971520 0 2 70 68
9221120237041090560 4688925825373190468 4652872379498020322 4689839363560376616 2 46 46
4641240890982006784 4636737291354636288 13845191154443747328 4741671816366391296 0 12 12
13917226645769029576 4693649326694821406 4666595008595269403 13919147937709230222 1 76 76
4638144666238189568 4636737291354636288 4632233691727265792 4741671816366391296 0 62 51
4636737291354636288 4636737291354636288 4632233691727265792 4741671816366391296 0 44 44
4639481672377565184 4636737291354636288 4632233691727265792 4741671816366391296 0 27 27
4641240890982006784 4636737291354636288 4647503709213818880 0 2 27 68
4641240890982006784 4652007308841189376 4621819117588971520 0 2 49 68
9221120237041090560 4692195816220470856 4666674670572761650 13917999960835336308 2 67 67
4641240890982006784 4636737291354636288 13845191154443747328 4741671816366391296 0 4 4
4677711758884162016 4694452778986422798 4664178564099044350 13916724463575713374 0 44 44
4638144666238189568 4636737291354636288 4632233691727265792 4741671816366391296 0 63 51
4636737291354636288 4636737291354636288 4632233691727265792 4741671816366391296 0 28 28
4639481672377565184 4636737291354636288 4632233691727265792 4741671816366391296 0 50 50
4641240890982006784 4636737291354636288 4647503709213818880 0 2 67 68
4641240890982006784 4652007308841189376 4621819117588971520 0 2 13 68
9221120237041090560 13918080360434239454 4657289846918638508 4696070263864376786 2 20 20
4641240890982006784 4636737291354636288 13845191154443747328 4741671816366391296 0 73 73
13919844168735631366 4692475282671435992 4634029999167813828 13911561660253201520 2 5 5
4638144666238189568 4636737291354636288 4632233691727265792 4741671816366391296 0 3 51
4636737291354636288 4636737291354636288 4632233691727265792 4741671816366391296 0 75 75
4639481672377565184 4636737291354636288 4632233691727265792 4741671816366391296 0 11 11
4641240890982006784 4636737291354636288 4647503709213818880 0 2 54 68
4641240890982006784 4652007308841189376 4621819117588971520 0 2 43 68
9221120237041090560 13919628156437482877 4657014987053880271 13906959559225488536 2 68 68
4641240890982006784 4636737291354636288 13845191154443747328 4741671816366391296 0 64 64
4695725019539601024 4680643283855229472 4662706219685549403 13910583351849853964 2 47 68
4638144666238189568 4636737291354636288 4632233691727265792 4741671816366391296 0 74 51
4636737291354636288 4636737291354636288 4632233691727265792 4741671816366391296 0 68 68
4639481672377565184 4636737291354636288 4632233691727265792 4741671816366391296 0 22 22
4641240890982006784 4636737291354636288 4647503709213818880 0 2 42 68
4641240890982006784 4652007308841189376 4621819117588971520 0 2 26 68
9221120237041090560 13907996202219430632 4651072704450830769 13915317525434287697 2 34 34
4641240890982006784 4636737291354636288 13845191154443747328 4741671816366391296 0 10 10
13900834482613448880 13916652314323066108 4661503055283275121 13919398989858650041 3 39 39
4638144666238189568 4636737291354636288 4632233691727265792 4741671816366391296 0 64 51
4636737291354636288 4636737291354636288 4632233691727265792 4741671816366391296 0 11 11
4639481672377565184 4636737291354636288 4632233691727265792 4741671816366391296 0 76 76
4641240890982006784 4636737291354636288 4647503709213818880 0 2 18 68
4641240890982006784 4652007308841189376 4621819117588971520 0 2 14 68
9221120237041090560 13902777190529422512 4665991776004274864 4696263950541546534 2 69 69
4641240890982006784 4636737291354636288 13845191154443747328 4741671816366391296 0 48 48
13899401206613880608 4693083060794136096 4661321541056259141 13910218990739032600 1 78 78
4638144666238189568 4636737291354636288 4632233691727265792 4741671816366391296 0 43 51
4636737291354636288 4636737291354636288 4632233691727265792 4741671816366391296 0 50 50
4639481672377565184 4636737291354636288 4632233691727265792 4741671816366391296 0 19 19
4641240890982006784 4636737291354636288 4647503709213818880 0 2 7 68
4641240890982006784 4652007308841189376 4621819117588971520 0 2 14 68
9221120237041090560 13916587111728811391 4655597635333979476 4694849398977633504 2 31 31
4641240890982006784 4636737291354636288 13845191154443747328 4741671816366391296 0 75 75
13917431049530675853 13915644773636171333 4659287624252889933 13913638774648192706 3 56 56
4638144666238189568 4636737291354636288 4632233691727265792 4741671816366391296 0 49 51
4636737291354636288 4636737291354636288 4632233691727265792 4741671816366391296 0 9 9
4639481672377565184 4636737291354636288 4632233691727265792 4741671816366391296 0 44 44
4641240890982006784 4636737291354636288 4647503709213818880 0 2 70 68
4641240890982006784 4652007308841189376 4621819117588971520 0 2 67 68
9221120237041090560 4693503852675266590 4662742805161211100 4692931687900115146 2 36 36
4641240890982006784 4636737291354636288 13845191154443747328 4741671816366391296 0 42 42
4693832575288118018 13917181574805247916 4659501010405753725 13912854466623106812 3 39 39
4638144666238189568 4636737291354636288 4632233691727265792 4741671816366391296 0 37 51
4636737291354636288 4636737291354636288 4632233691727265792 4741671816366391296 0 43 43
4639481672377565184 4636737291354636288 4632233691727265792 4741671816366391296 0 19 19
4641240890982006784 4636737291354636288 4647503709213818880 0 2 43 68
4641240890982006784 4652007308841189376 4621819117588971520 0 2 71 68
9221120237041090560 4695667510132939914 4660632080690426077 4695509166543954492 2 18 18
4641240890982006784 4636737291354636288 13845191154443747328 4741671816366391296 0 26 26
4692277937615359608 13920097416130272359 4663975141505602702 13908378867663698400 0 52 52
4638144666238189568 4636737291354636288 4632233691727265792 4741671816366391296 0 54 51
4636737291354636288 4636737291354636288 4632233691727265792 4741671816366391296 0 28 28
4639481672377565184 4636737291354636288 4632233691727265792 4741671816366391296 0 61 61
4641240890982006784 4636737291354636288 4647503709213818880 0 2 23 68
4641240890982006784 4652007308841189376 4621819117588971520 0 2 23 68
9221120237041090560 13917441844933272857 4657151286392609086 13914416461983443242 2 12 12
4641240890982006784 4636737291354636288 13845191154443747328 4741671816366391296 0 37 37
4681070138959916256 4695363161696142618 4661875466204100511 13919624488254384713 0 19 19
4638144666238189568 4636737291354636288 4632233691727265792 4741671816366391296 0 16 51
4636737291354636288 4636737291354636288 4632233691727265792 4741671816366391296 0 12 12
4639481672377565184 4636737291354636288 4632233691727265792 4741671816366391296 0 16 16
4641240890982006784 4636737291354636288 4647503709213818880 0 2 64 68
4641240890982006784 4652007308841189376 4621819117588971520 0 2 27 68
9221120237041090560 13908280778897642716 4658248922231506697 4695517698532096628 2 65 65
4641240890982006784 4636737291354636288 13845191154443747328 4741671816366391296 0 47 47
13914428358368262420 13898426058024369536 4662485797812033846 13901762678611514944 2 46 46
4638144666238189568 4636737291354636288 4632233691727265792 4741671816366391296 0 3 51
4636737291354636288 4636737291354636288 4632233691727265792 4741671816366391296 0 21 21
4639481672377565184 4636737291354636288 4632233691727265792 4741671816366391296 0 56 56
4641240890982006784 4636737291354636288 4647503709213818880 0 2 4 68
4641240890982006784 4652007308841189376 4621819117588971520 0 2 13 68
9221120237041090560 4696066761714570156 4629971793783058052 13907697979809013900 2 26 26
4641240890982006784 4636737291354636288 13845191154443747328 4741671816366391296 0 15 15
13915674844865652408 13917406562388581418 4664667211919070994 4691953168199804192 1 29 29
4638144666238189568 4636737291354636288 4632233691727265792 4741671816366391296 0 61 51
4636737291354636288 4636737291354636288 4632233691727265792 4741671816366391296 0 31 31
4639481672377565184 4636737291354636288 4632233691727265792 4741671816366391296 0 8 8
4641240890982006784 4636737291354636288 4647503709213818880 0 2 65 68
4641240890982006784 4652007308841189376 4621819117588971520 0 2 45 68
9221120237041090560 4692398949473948524 4657418757364833419 13918045884103580253 2 74 74
4641240890982006784 4636737291354636288 13845191154443747328 4741671816366391296 0 18 18
4696243591608255960 4682489383283739664 4662940372737385044 13906896871446796440 0 68 68
4638144666238189568 4636737291354636288 4632233691727265792 4741671816366391296 0 28 51
4636737291354636288 4636737291354636288 4632233691727265792 4741671816366391296 0 51 51
4639481672377565184 4636737291354636288 4632233691727265792 4741671816366391296 0 14 14
4641240890982006784 4636737291354636288 4647503709213818880 0 2 17 68
4641240890982006784 4652007308841189376 4621819117588971520 0 2 33 68
9221120237041090560 4696718635632123962 4665361382487079256 4682594890029460976 2 37 37
4641240890982006784 4636737291354636288 13845191154443747328 4741671816366391296 0 41 41
13910138998779114128 13919701196717329673 4665360556641592356 13917384947928566052 1 66 66
4638144666238189568 4636737291354636288 4632233691727265792 4741671816366391296 0 59 51
4636737291354636288 4636737291354636288 4632233691727265792 4741671816366391296 0 34 34
4639481672377565184 4636737291354636288 4632233691727265792 4741671816366391296 0 60 60
4641240890982006784 4636737291354636288 4647503709213818880 0 2 51 68
4641240890982006784 4652007308841189376 4621819117588971520 0 2 29 68
9221120237041090560 4695522968660496918 4662157693346560960 4686394420349629184 2 59 59
4641240890982006784 4636737291354636288 13845191154443747328 4741671816366391296 0 16 16
13912235721937657238 4696404900052592022 4661579928291861600 13900941984979713584 3 27 27
4638144666238189568 4636737291354636288 4632233691727265792 4741671816366391296 0 57 51
4636737291354636288 4636737291354636288 4632233691727265792 4741671816366391296 0 37 37
4639481672377565184 4636737291354636288 4632233691727265792 4741671816366391296 0 58 58
4641240890982006784 4636737291354636288 4647503709213818880 0 2 51 68
4641240890982006784 4652007308841189376 4621819117588971520 0 2 73 68
9221120237041090560 4694096492634733974 4665578865200903424 13917844688203476594 2 74 74
4641240890982006784 4636737291354636288 13845191154443747328 4741671816366391296 0 10 10
4683989077332876656 13918533924673320722 4661890000249863277 4694905942274054420 1 71 71
4638144666238189568 4636737291354636288 4632233691727265792 4741671816366391296 0 9 51
4636737291354636288 4636737291354636288 4632233691727265792 4741671816366391296 0 20 20
4639481672377565184 4636737291354636288 4632233691727265792 4741671816366391296 0 28 28
4641240890982006784 4636737291354636288 4647503709213818880 0 2 44 68
4641240890982006784 4652007308841189376 4621819117588971520 0 2 27 68
9221120237041090560 4690687058748444444 4622469294540880024 4693224278099283766 2 77 77
4641240890982006784 4636737291354636288 13845191154443747328 4741671816366391296 0 74 74
4689554990821424040 4687177346125699344 4666447502747744776 13912396145532090774 1 7 7
4638144666238189568 4636737291354636288 4632233691727265792 4741671816366391296 0 70 51
4636737291354636288 4636737291354636288 4632233691727265792 4741671816366391296 0 41 41
4639481672377565184 4636737291354636288 4632233691727265792 4741671816366391296 0 38 38
4641240890982006784 4636737291354636288 4647503709213818880 0 2 23 68
4641240890982006784 4652007308841189376 4621819117588971520 0 2 15 68
9221120237041090560 4686519368644731288 4653569748574630796 13902855164891033136 2 33 33
4641240890982006784 4636737291354636288 13845191154443747328 4741671816366391296 0 73 73
13916576280743944993 4692669536575799544 4664008336708257875 13917178318727609592 1 53 53
4638144666238189568 4636737291354636288 4632233691727265792 4741671816366391296 0 38 51
4636737291354636288 4636737291354636288 4632233691727265792 4741671816366391296 0 12 12
4639481672377565184 4636737291354636288 4632233691727265792 4741671816366391296 0 61 61
4641240890982006784 4636737291354636288 4647503709213818880 0 2 1 68
4641240890982006784 4652007308841189376 4621819117588971520 0 2 68 68
9221120237041090560 13911519981039490044 4665572720654418743 4690541424471875004 2 41 41
4641240890982006784 4636737291354636288 13845191154443747328 4741671816366391296 0 31 31
4693238052525192294 4690188808823899328 4644309657291006257 4695520705330181952 0 73 73
4638144666238189568 4636737291354636288 4632233691727265792 4741671816366391296 0 52 51
4636737291354636288 4636737291354636288 4632233691727265792 4741671816366391296 0 54 54
4639481672377565184 4636737291354636288 4632233691727265792 4741671816366391296 0 51 51
4641240890982006784 4636737291354636288 4647503709213818880 0 2 73 68
4641240890982006784 4652007308841189376 4621819117588971520 0 2 35 68
9221120237041090560 13911962145436779694 4661309354023587622 13909867870554066764 2 27 27
4641240890982006784 4636737291354636288 13845191154443747328 4741671816366391296 0 40 40
13906228905251847024 13917299865796362972 4666359678757738404 4692192068168500928 3 37 37
4638144666238189568 4636737291354636288 4632233691727265792 4741671816366391296 0 47 51
4636737291354636288 4636737291354636288 4632233691727265792 4741671816366391296 0 71 71
4639481672377565184 4636737291354636288 4632233691727265792 4741671816366391296 0 72 72
4641240890982006784 4636737291354636288 4647503709213818880 0 2 32 68
4641240890982006784 4652007308841189376 4621819117588971520 0 2 20 68
9221120237041090560 4693752539674397804 4660539512941435655 4694912359207613734 2 40 40
4641240890982006784 4636737291354636288 13845191154443747328 4741671816366391296 0 15 15
4688176776923615552 13918697930985033736 4662417678605139027 4696649306558964032 1 49 49
4638144666238189568 4636737291354636288 4632233691727265792 4741671816366391296 0 68 51
4636737291354636288 4636737291354636288 4632233691727265792 4741671816366391296 0 65 65
4639481672377565184 4636737291354636288 4632233691727265792 4741671816366391296 0 1 1
4641240890982006784 4636737291354636288 4647503709213818880 0 2 73 68
4641240890982006784 4652007308841189376 4621819117588971520 0 2 23 68
9221120237041090560 13916299549389010898 4657506400908679670 4691213008145172020 2 23 23
4641240890982006784 4636737291354636288 13845191154443747328 4741671816366391296 0 23 23
4693469729625841120 4694395321492495104 4663827416342928114 4695853983832155372 0 58 58
4638144666238189568 4636737291354636288 4632233691727265792 4741671816366391296 0 26 51
4636737291354636288 4636737291354636288 4632233691727265792 4741671816366391296 0 52 52
4639481672377565184 4636737291354636288 4632233691727265792 4741671816366391296 0 25 25
4641240890982006784 4636737291354636288 4647503709213818880 0 2 30 68
4641240890982006784 4652007308841189376 4621819117588971520 0 2 72 68
9221120237041090560 13916563720078332980 4664866724692622325 4685231193189717312 2 60 60
4641240890982006784 4636737291354636288 13845191154443747328 4741671816366391296 0 61 61
4690545520399885448 13903450130924940256 4666610630943903728 4694749488943535276 1 20 20
4638144666238189568 4636737291354636288 4632233691727265792 4741671816366391296 0 38 51
4636737291354636288 4636737291354636288 4632233691727265792 4741671816366391296 0 70 70
4639481672377565184 4636737291354636288 4632233691727265792 4741671816366391296 0 72 72
4641240890982006784 4636737291354636288 4647503709213818880 0 2 24 68
4641240890982006784 4652007308841189376 4621819117588971520 0 2 16 68
9221120237041090560 13916525691693864133 4660312441236058627 13917666272625347230 2 55 55
4641240890982006784 4636737291354636288 13845191154443747328 4741671816366391296 0 0 0
4695895741860766440 4674246605310171744 4666367042939551860 4695146049671564078 3 46 46
4638144666238189568 4636737291354636288 4632233691727265792 4741671816366391296 0 16 51
4636737291354636288 4636737291354636288 4632233691727265792 4741671816366391296 0 15 15
4639481672377565184 4636737291354636288 4632233691727265792 4741671816366391296 0 69 69
4641240890982006784 4636737291354636288 4647503709213818880 0 2 51 68
4641240890982006784 4652007308841189376 4621819117588971520 0 2 69 68
9221120237041090560 13913708525384586876 4653717493098688812 13917804300320443034 2 53 53
4641240890982006784 4636737291354636288 13845191154443747328 4741671816366391296 0 38 38
4691744635803624348 4688113440408025008 4655712444263492298 4694431117538322758 2 13 13
4638144666238189568 4636737291354636288 4632233691727265792 4741671816366391296 0 44 51
4636737291354636288 4636737291354636288 4632233691727265792 4741671816366391296 0 6 6
4639481672377565184 4636737291354636288 4632233691727265792 4741671816366391296 0 52 52
4641240890982006784 4636737291354636288 4647503709213818880 0 2 71 68
4641240890982006784 4652007308841189376 4621819117588971520 0 2 62 68
9221120237041090560 13893635821489784352 4650450101051765526 4695126274151675338 2 2 2
4641240890982006784 4636737291354636288 13845191154443747328 4741671816366391296 0 47 47
13917795990959701198 4696369703476132430 4656994001802007900 4689081799457446632 2 65 65
4638144666238189568 4636737291354636288 4632233691727265792 4741671816366391296 0 67 51
4636737291354636288 4636737291354636288 4632233691727265792 4741671816366391296 0 3 3
4639481672377565184 4636737291354636288 4632233691727265792 4741671816366391296 0 70 70
4641240890982006784 4636737291354636288 4647503709213818880 0 2 4 68
4641240890982006784 4652007308841189376 4621819117588971520 0 2 68 68
9221120237041090560 13919002836097754054 4664410375290976670 13898447582456460240 2 16 16
4641240890982006784 4636737291354636288 13845191154443747328 4741671816366391296 0 63 63
4695059959937812134 13918337309498284883 4656002394348967744 4689071013186835972 1 42 42
4638144666238189568 4636737291354636288 4632233691727265792 4741671816366391296 0 18 51
4636737291354636288 4636737291354636288 4632233691727265792 4741671816366391296 0 34 34
4639481672377565184 4636737291354636288 4632233691727265792 4741671816366391296 0 28 28
4641240890982006784 4636737291354636288 4647503709213818880 0 2 53 68
4641240890982006784 4652007308841189376 4621819117588971520 0 2 0 68
9221120237041090560 4696572340629627588 4660703303850276108 13911828634945251048 2 64 64
4641240890982006784 4636737291354636288 13845191154443747328 4741671816366391296 0 22 22
13918376974870261768 4693696369430535726 4657916005238609921 4692555326186768956 1 69 69
4638144666238189568 4636737291354636288 4632233691727265792 4741671816366391296 0 49 51
4636737291354636288 4636737291354636288 4632233691727265792 4741671816366391296 0 65 65
4639481672377565184 4636737291354636288 4632233691727265792 4741671816366391296 0 71 71
4641240890982006784 4636737291354636288 4647503709213818880 0 2 20 68
4641240890982006784 4652007308841189376 4621819117588971520 0 2 24 68
9221120237041090560 4695728654055093324 4665057233710415349 4694148831669645852 2 41 41
4641240890982006784 4636737291354636288 13845191154443747328 4741671816366391296 0 19 19
4692979002600843648 13911051395891487340 4661409370650901189 13918695760065736448 2 16 68
4638144666238189568 4636737291354636288 4632233691727265792 4741671816366391296 0 51 51
4636737291354636288 4636737291354636288 4632233691727265792 4741671816366391296 0 77 77
4639481672377565184 4636737291354636288 4632233691727265792 4741671816366391296 0 19 19
4641240890982006784 4636737291354636288 4647503709213818880 0 2 78 68
4641240890982006784 4652007308841189376 4621819117588971520 0 2 37 68
9221120237041090560 13914316085052401616 4664087846305966074 4688977210360897624 2 1 1
4641240890982006784 4636737291354636288 13845191154443747328 4741671816366391296 0 15 15
4692195655408850472 13914622579463719768 4646960361307063336 4694543299847246094 1 37 37
4638144666238189568 4636737291354636288 4632233691727265792 4741671816366391296 0 58 51
4636737291354636288 4636737291354636288 4632233691727265792 4741671816366391296 0 57 57
4639481672377565184 4636737291354636288 4632233691727265792 4741671816366391296 0 56 56
4641240890982006784 4636737291354636288 4647503709213818880 0 2 1 68
4641240890982006784 4652007308841189376 4621819117588971520 0 2 17 68
9221120237041090560 4694552329926693070 4665139612457451749 4684273515991383944 2 53 53
4641240890982006784 4636737291354636288 13845191154443747328 4741671816366391296 0 9 9
4694630369826289346 4694118538901575768 4660883550413573606 13917089884693505046 3 75 75
4638144666238189568 4636737291354636288 4632233691727265792 4741671816366391296 0 15 51
4636737291354636288 4636737291354636288 4632233691727265792 4741671816366391296 0 75 75
4639481672377565184 4636737291354636288 4632233691727265792 4741671816366391296 0 54 54
4641240890982006784 4636737291354636288 4647503709213818880 0 2 47 68
4641240890982006784 4652007308841189376 4621819117588971520 0 2 11 68
9221120237041090560 4691437870909708940 4664491734080882298 13903852299549768384 2 33 33
4641240890982006784 4636737291354636288 13845191154443747328 4741671816366391296 0 35 35
4685475898007094648 4689660595920789096 4655803535167932177 13919589325718623841 2 47 68
4638144666238189568 4636737291354636288 4632233691727265792 4741671816366391296 0 7 51
4636737291354636288 4636737291354636288 4632233691727265792 4741671816366391296 0 46 46
4639481672377565184 4636737291354636288 4632233691727265792 4741671816366391296 0 23 23
4641240890982006784 4636737291354636288 4647503709213818880 0 2 49 68
4641240890982006784 4652007308841189376 4621819117588971520 0 2 25 68
9221120237041090560 13917352180051634658 4665003044051969093 13917357122001181582 2 54 54
4641240890982006784 4636737291354636288 13845191154443747328 4741671816366391296 0 61 61
4690716468293761844 4687526858442198072 4663230101893863505 13891463262029239808 3 33 33
4638144666238189568 4636737291354636288 4632233691727265792 4741671816366391296 0 59 51
4636737291354636288 4636737291354636288 4632233691727265792 4741671816366391296 0 38 38
4639481672377565184 4636737291354636288 4632233691727265792 4741671816366391296 0 53 53
4641240890982006784 4636737291354636288 4647503709213818880 0 2 71 68
4641240890982006784 4652007308841189376 4621819117588971520 0 2 0 68
9221120237041090560 13914889703146617138 4662718399220102456 13917676904173818923 2 64 64
4641240890982006784 4636737291354636288 13845191154443747328 4741671816366391296 0 55 55
4695515732425333256 4688716195031802020 4663852147362482917 13908169391941958412 3 13 13
4638144666238189568 4636737291354636288 4632233691727265792 4741671816366391296 0 8 51
4636737291354636288 4636737291354636288 4632233691727265792 4741671816366391296 0 59 59
4639481672377565184 4636737291354636288 4632233691727265792 4741671816366391296 0 24 24
4641240890982006784 4636737291354636288 4647503709213818880 0 2 66 68
4641240890982006784 4652007308841189376 4621819117588971520 0 2 76 68
9221120237041090560 4694979976436804508 4657078003416182198 13920068328036129401 2 4 4
4641240890982006784 4636737291354636288 13845191154443747328 4741671816366391296 0 74 74
13910555605276670212 4687849498366140336 4631075476309353036 4693796046485447710 1 24 24
4638144666238189568 4636737291354636288 4632233691727265792 4741671816366391296 0 44 51
4636737291354636288 4636737291354636288 4632233691727265792 4741671816366391296 0 47 47
4639481672377565184 4636737291354636288 4632233691727265792 4741671816366391296 0 74 74
4641240890982006784 4636737291354636288 4647503709213818880 0 2 57 68
4641240890982006784 4652007308841189376 4621819117588971520 0 2 58 68
9221120237041090560 4692220992810859284 4664290477115674242 13916417628410387546 2 39 39
4641240890982006784 4636737291354636288 13845191154443747328 4741671816366391296 0 7 7
4689670951295185476 13910691589771432088 4666075572494278124 13915416688143565216 3 76 76
4638144666238189568 4636737291354636288 4632233691727265792 4741671816366391296 0 6 51
4636737291354636288 4636737291354636288 4632233691727265792 4741671816366391296 0 17 17
4639481672377565184 4636737291354636288 4632233691727265792 4741671816366391296 0 64 64
4641240890982006784 4636737291354636288 4647503709213818880 0 2 31 68
4641240890982006784 4652007308841189376 4621819117588971520 0 2 74 68
9221120237041090560 4658464652745177856 4666374631917330134 13919256447569944190 2 46 46
4641240890982006784 4636737291354636288 13845191154443747328 4741671816366391296 0 30 30
4696415921851172398 13911377727354862020 4662305943280295920 4694988725652470228 2 62 68
4638144666238189568 4636737291354636288 4632233691727265792 4741671816366391296 0 26 51
4636737291354636288 4636737291354636288 4632233691727265792 4741671816366391296 0 7 7
4639481672377565184 4636737291354636288 4632233691727265792 4741671816366391296 0 13 13
4641240890982006784 4636737291354636288 4647503709213818880 0 2 14 68
4641240890982006784 4652007308841189376 4621819117588971520 0 2 69 68
9221120237041090560 13917360516974390736 4642290966892938314 13907901044611707496 2 65 65
4641240890982006784 4636737291354636288 13845191154443747328 4741671816366391296 0 68 68
13919420742717238284 4695762132214671608 4653605813490169966 4696719830872014176 2 48 48
4638144666238189568 4636737291354636288 4632233691727265792 4741671816366391296 0 21 51
4636737291354636288 4636737291354636288 4632233691727265792 4741671816366391296 0 12 12
4639481672377565184 4636737291354636288 4632233691727265792 4741671816366391296 0 33 33
4641240890982006784 4636737291354636288 4647503709213818880 0 2 49 68
4641240890982006784 4652007308841189376 4621819117588971520 0 2 24 68
9221120237041090560 13916411078687240262 4659453114883864948 13909053533576455428 2 16 16
4641240890982006784 4636737291354636288 13845191154443747328 4741671816366391296 0 60 60
13895467261229014816 4692999712191945188 4663544353719699319 13916156182154684562 1 53 53
4638144666238189568 4636737291354636288 4632233691727265792 4741671816366391296 0 63 51
4636737291354636288 4636737291354636288 4632233691727265792 4741671816366391296 0 54 54
4639481672377565184 4636737291354636288 4632233691727265792 4741671816366391296 0 40 40
4641240890982006784 4636737291354636288 4647503709213818880 0 2 79 68
4641240890982006784 4652007308841189376 4621819117588971520 0 2 58 68
9221120237041090560 4694338740066442666 4661772932228924120 13919667311083699765 2 76 76
4641240890982006784 4636737291354636288 13845191154443747328 4741671816366391296 0 47 47
13920164195187982926 4695100177438617934 4664503171784343703 4688421396338737208 1 67 67
4638144666238189568 4636737291354636288 4632233691727265792 4741671816366391296 0 29 51
4636737291354636288 4636737291354636288 4632233691727265792 4741671816366391296 0 41 41
4639481672377565184 4636737291354636288 4632233691727265792 4741671816366391296 0 44 44
4641240890982006784 4636737291354636288 4647503709213818880 0 2 69 68
4641240890982006784 4652007308841189376 4621819117588971520 0 2 31 68
9221120237041090560 13919324048979931146 4664522035540952443 4695984957253612940 2 15 15
4641240890982006784 4636737291354636288 13845191154443747328 4741671816366391296 0 34 34
4696518201170724112 4693461374100150998 4658999199376273412 13915853775598421299 3 27 27
4638144666238189568 4636737291354636288 4632233691727265792 4741671816366391296 0 31 51
4636737291354636288 4636737291354636288 4632233691727265792 4741671816366391296 0 71 71
4639481672377565184 4636737291354636288 4632233691727265792 4741671816366391296 0 45 45
4641240890982006784 4636737291354636288 4647503709213818880 0 2 11 68
4641240890982006784 4652007308841189376 4621819117588971520 0 2 34 68
9221120237041090560 4696046142584178526 4665686908196936892 13919234056220535754 2 72 72
4641240890982006784 4636737291354636288 13845191154443747328 4741671816366391296 0 6 6
4693970668992010426 4694563472546423332 4663502209497837467 13913372903936839718 1 66 66
4638144666238189568 4636737291354636288 4632233691727265792 4741671816366391296 0 39 51
4636737291354636288 4636737291354636288 4632233691727265792 4741671816366391296 0 65 65
4639481672377565184 4636737291354636288 4632233691727265792 4741671816366391296 0 73 73
4641240890982006784 4636737291354636288 4647503709213818880 0 2 22 68
4641240890982006784 4652007308841189376 4621819117588971520 0 2 39 68
9221120237041090560 13916844711940691926 4663427555272236791 13919075537527242952 2 9 9
4641240890982006784 4636737291354636288 13845191154443747328 4741671816366391296 0 56 56
4693315292425727036 13913173441729415744 4656862368148641940 13917665752654587748 2 72 68
4638144666238189568 4636737291354636288 4632233691727265792 4741671816366391296 0 62 51
4636737291354636288 4636737291354636288 4632233691727265792 4741671816366391296 0 17 17
4639481672377565184 4636737291354636288 4632233691727265792 4741671816366391296 0 5 5
4641240890982006784 4636737291354636288 4647503709213818880 0 2 54 68
4641240890982006784 4652007308841189376 4621819117588971520 0 2 16 68
9221120237041090560 4694852300532060752 4664178359726422579 4681553550803830320 2 34 34
4641240890982006784 4636737291354636288 13845191154443747328 4741671816366391296 0 5 5
4695085688941173162 4694270073691522318 4662855152850277772 4692820658137396702 1 74 74
4638144666238189568 4636737291354636288 4632233691727265792 4741671816366391296 0 66 51
4636737291354636288 4636737291354636288 4632233691727265792 4741671816366391296 0 36 36
4639481672377565184 4636737291354636288 4632233691727265792 4741671816366391296 0 17 17
4641240890982006784 4636737291354636288 4647503709213818880 0 2 17 68
4641240890982006784 4652007308841189376 4621819117588971520 0 2 26 68
9221120237041090560 13912501929334671424 4663909209509229415 4690690880777288564 2 6 6
4641240890982006784 4636737291354636288 13845191154443747328 4741671816366391296 0 3 3
13891024274676386048 13915839977446522850 4661828558466332759 4695877859529609594 1 33 33
4638144666238189568 4636737291354636288 4632233691727265792 4741671816366391296 0 67 51
4636737291354636288 4636737291354636288 4632233691727265792 4741671816366391296 0 50 50
4639481672377565184 4636737291354636288 4632233691727265792 4741671816366391296 0 66 66
4641240890982006784 4636737291354636288 4647503709213818880 0 2 67 68
4641240890982006784 4652007308841189376 4621819117588971520 0 2 63 68
9221120237041090560 4684327954686245496 4661856909614557463 13917925447481296916 2 63 63
4641240890982006784 4636737291354636288 13845191154443747328 4741671816366391296 0 63 63
13915031029863473552 4691939766321452572 4652030763345369100 4694006540364946550 0 7 7
4638144666238189568 4636737291354636288 4632233691727265792 4741671816366391296 0 37 51
4636737291354636288 4636737291354636288 4632233691727265792 4741671816366391296 0 79 79
4639481672377565184 4636737291354636288 4632233691727265792 4741671816366391296 0 15 15
4641240890982006784 4636737291354636288 4647503709213818880 0 2 60 68
4641240890982006784 4652007308841189376 4621819117588971520 0 2 43 68
9221120237041090560 13889212337698169600 4657471377912947578 4691126660610243532 2 5 5
4641240890982006784 4636737291354636288 13845191154443747328 4741671816366391296 0 73 73
4691471032994442240 4688649920172673272 4663047629816657966 13918650592026356776 2 24 68
4638144666238189568 4636737291354636288 4632233691727265792 4741671816366391296 0 57 51
4636737291354636288 4636737291354636288 4632233691727265792 4741671816366391296 0 76 76
4639481672377565184 4636737291354636288 4632233691727265792 4741671816366391296 0 46 46
4641240890982006784 4636737291354636288 4647503709213818880 0 2 43 68
4641240890982006784 4652007308841189376 4621819117588971520 0 2 4 68
9221120237041090560 4689082567626207720 4657335883533569371 13918771663692482636 2 45 45
4641240890982006784 4636737291354636288 13845191154443747328 4741671816366391296 0 66 66
4695074597623713828 4690131353563188312 4652384366769531341 4686502643972193024 2 53 68
4638144666238189568 4636737291354636288 4632233691727265792 4741671816366391296 0 4 51
4636737291354636288 4636737291354636288 4632233691727265792 4741671816366391296 0 77 77
4639481672377565184 4636737291354636288 4632233691727265792 4741671816366391296 0 19 19
4641240890982006784 4636737291354636288 4647503709213818880 0 2 21 68
4641240890982006784 4652007308841189376 4621819117588971520 0 2 56 68
9221120237041090560 4695475265928426890 4663414121517581276 4690481647472382364 2 61 61
4641240890982006784 4636737291354636288 13845191154443747328 4741671816366391296 0 19 19
4693940731026965302 4687224305041039352 4665918029293047383 13919019009460639014 3 59 59
4638144666238189568 4636737291354636288 4632233691727265792 4741671816366391296 0 29 51
4636737291354636288 4636737291354636288 4632233691727265792 4741671816366391296 0 57 57
4639481672377565184 4636737291354636288 4632233691727265792 4741671816366391296 0 50 50
4641240890982006784 4636737291354636288 4647503709213818880 0 2 32 68
4641240890982006784 4652007308841189376 4621819117588971520 0 2 11 68
9221120237041090560 13916890608562204306 4665119161107872669 4669333075582168192 2 17 17
4641240890982006784 4636737291354636288 13845191154443747328 4741671816366391296 0 74 74
