0 13835058055282163712 0 0 0 0 0 0 2 0 4
7 13832806255468478464 4602678819172646912 1 0 0 3 0 1 0 1
0 13830554455654793216 4607182418800017408 0 1 0 6 0 2 0 4
7 13826050856027422720 4609434218613702656 1 1 0 9 0 3 0 1
0 0 4611686018427387904 0 0 1 0 0 2 0 4
7 4602678819172646912 0 1 0 1 3 0 0 0 1
0 4607182418800017408 4602678819172646912 0 1 1 6 0 1 0 4
7 4609434218613702656 4607182418800017408 1 1 1 9 0 2 0 1
0 4611686018427387904 4609434218613702656 0 0 0 0 0 2 1 3
7 13835058055282163712 4611686018427387904 1 0 0 3 0 4 1 1
0 13832806255468478464 0 0 1 0 6 0 0 1 3
7 13830554455654793216 4602678819172646912 1 1 0 9 0 1 1 1
0 13826050856027422720 4607182418800017408 0 0 1 0 0 2 1 3
7 0 4609434218613702656 1 0 1 3 0 3 1 1
0 4602678819172646912 4611686018427387904 0 1 1 6 0 4 1 3
7 4607182418800017408 0 1 1 1 9 0 0 1 1
0 4609434218613702656 4602678819172646912 0 0 0 0 1 2 0 4
7 4611686018427387904 4607182418800017408 1 0 0 3 1 2 0 1
0 13835058055282163712 4609434218613702656 0 1 0 6 1 3 0 4
7 13832806255468478464 4611686018427387904 1 1 0 9 1 4 0 1
0 13830554455654793216 0 0 0 1 0 1 2 0 4
7 13826050856027422720 4602678819172646912 1 0 1 3 1 1 0 1
0 0 4607182418800017408 0 1 1 6 1 2 0 4
7 4602678819172646912 4609434218613702656 1 1 1 9 1 3 0 1
0 4607182418800017408 4611686018427387904 0 0 0 0 1 2 1 3
7 4609434218613702656 0 1 0 0 3 1 0 1 1
0 4611686018427387904 4602678819172646912 0 1 0 6 1 1 1 3
7 13835058055282163712 4607182418800017408 1 1 0 9 1 2 1 1
0 13832806255468478464 4609434218613702656 0 0 1 0 1 2 1 3
7 13830554455654793216 4611686018427387904 1 0 1 3 1 4 1 1
0 13826050856027422720 0 0 1 1 6 1 0 1 3
7 0 4602678819172646912 1 1 1 9 1 1 1 1
0 4602678819172646912 4607182418800017408 0 0 0 0 0 2 0 4
7 4607182418800017408 4609434218613702656 1 0 0 3 0 3 0 1
0 4609434218613702656 4611686018427387904 0 1 0 6 0 4 0 4
7 4611686018427387904 0 1 1 0 9 0 0 0 1
0 13835058055282163712 4602678819172646912 0 0 1 0 0 2 0 4
7 13832806255468478464 4607182418800017408 1 0 1 3 0 2 0 1
0 13830554455654793216 4609434218613702656 0 1 1 6 0 3 0 4
7 13826050856027422720 4611686018427387904 1 1 1 9 0 4 0 1
0 0 0 0 0 0 0 0 2 1 3
7 4602678819172646912 4602678819172646912 1 0 0 3 0 1 1 1
0 4607182418800017408 4607182418800017408 0 1 0 6 0 2 1 3
7 4609434218613702656 4609434218613702656 1 1 0 9 0 3 1 1
0 4611686018427387904 4611686018427387904 0 0 1 0 0 2 1 3
7 13835058055282163712 0 1 0 1 3 0 0 1 1
0 13832806255468478464 4602678819172646912 0 1 1 6 0 1 1 3
7 13830554455654793216 4607182418800017408 1 1 1 9 0 2 1 1
0 13826050856027422720 4609434218613702656 0 0 0 0 1 2 0 4
7 0 4611686018427387904 1 0 0 3 1 4 0 1
0 4602678819172646912 0 0 1 0 6 1 0 0 4
7 4607182418800017408 4602678819172646912 1 1 0 9 1 1 0 1
0 4609434218613702656 4607182418800017408 0 0 1 0 1 2 0 4
7 4611686018427387904 4609434218613702656 1 0 1 3 1 3 0 1
0 13835058055282163712 4611686018427387904 0 1 1 6 1 4 0 4
7 13832806255468478464 0 1 1 1 9 1 0 0 1
0 13830554455654793216 4602678819172646912 0 0 0 0 1 2 1 3
7 13826050856027422720 4607182418800017408 1 0 0 3 1 2 1 1
0 0 4609434218613702656 0 1 0 6 1 3 1 3
7 4602678819172646912 4611686018427387904 1 1 0 9 1 4 1 1
