0 0 0 0 13836183955189006336 13835691373979762688 13835198792770519040 4636737291354636288 4636807660098813952 4636878028842991616 0 13836183955189006336 13835691373979762688 13835198792770519040
1 1 0 1 13835832111468118016 13835339530258874368 13834635842817097728 4636737291354636288 4636807660098813952 4636878028842991616 0 13835832111468118016 13835339530258874368 13834635842817097728
0 2 1 2 13835480267747229696 13834917317793808384 13833932155375321088 4636737291354636288 4636807660098813952 4636878028842991616 0 13835480267747229696 13834917317793808384 13833932155375321088
1 3 1 0 13835128424026341376 13834213630352031744 13833228467933544448 4636737291354636288 4636807660098813952 4636878028842991616 0 13835128424026341376 13834213630352031744 13833228467933544448
0 4 0 1 13834495105328742400 13833509942910255104 13832524780491767808 4636737291354636288 4636807660098813952 4636878028842991616 0 13834495105328742400 13833509942910255104 13832524780491767808
1 0 0 2 13833791417886965760 13832806255468478464 13831821093049991168 4636737291354636288 4636807660098813952 4636878028842991616 0 13833791417886965760 13832806255468478464 13831821093049991168
0 1 1 0 13833087730445189120 13832102568026701824 13831117405608214528 4636737291354636288 4636807660098813952 4636878028842991616 0 13833087730445189120 13832102568026701824 13831117405608214528
1 2 1 1 13832384043003412480 13831398880584925184 13830272980678082560 4636737291354636288 4636807660098813952 4636878028842991616 0 13832384043003412480 13831398880584925184 13830272980678082560
0 3 0 2 13831680355561635840 13830695193143148544 13828865605794529280 4636737291354636288 4636807660098813952 4636878028842991616 0 13831680355561635840 13830695193143148544 13828865605794529280
1 4 0 0 13830976668119859200 13829428555747950592 13827458230910976000 4636737291354636288 4636807660098813952 4636878028842991616 0 13830976668119859200 13829428555747950592 13827458230910976000
0 0 1 1 13829991505701371904 13828021180864397312 13826050856027422720 4636737291354636288 4636807660098813952 4636878028842991616 0 13829991505701371904 13828021180864397312 13826050856027422720
1 1 1 2 13828584130817818624 13826613805980844032 13823236106260316160 4636737291354636288 4636807660098813952 4636878028842991616 1 13828584130817818624 13826613805980844032 13823236106260316160
0 2 0 0 13827176755934265344 13824362006167158784 13819295456586366976 4636737291354636288 4636807660098813952 4636878028842991616 0 13827176755934265344 13824362006167158784 13819295456586366976
1 3 0 1 13825487906074001408 13821547256400052224 13808036457517940736 4636737291354636288 4636807660098813952 4636878028842991616 0 13825487906074001408 13821547256400052224 13808036457517940736
0 4 1 2 13822673156306894848 13814791856958996480 4593671619917905920 4636737291354636288 4636807660098813952 4636878028842991616 0 13822673156306894848 13814791856958996480 4593671619917905920
1 0 1 0 13818169556679524352 4589168020290535424 4598738169498697728 4636737291354636288 4636807660098813952 4636878028842991616 1 13818169556679524352 4589168020290535424 4598738169498697728
0 1 0 1 0 4597049319638433792 4601552919265804288 4636737291354636288 4636807660098813952 4636878028842991616 0 0 4597049319638433792 4601552919265804288
1 2 0 2 4594797519824748544 4600427019358961664 4603523244102778880 4636737291354636288 4636807660098813952 4636878028842991616 0 4594797519824748544 4600427019358961664 4603523244102778880
0 3 1 0 4599301119452119040 4602960294149357568 4604930618986332160 4636737291354636288 4636807660098813952 4636878028842991616 0 4599301119452119040 4602960294149357568 4604930618986332160
1 4 1 1 4602115869219225600 4604367669032910848 4606337993869885440 4636737291354636288 4636807660098813952 4636878028842991616 0 4602115869219225600 4604367669032910848 4606337993869885440
0 0 0 2 4603804719079489536 4605775043916464128 4607463893776728064 4636737291354636288 4636807660098813952 4636878028842991616 0 4603804719079489536 4605775043916464128 4607463893776728064
1 1 0 0 4605212093963042816 4607182418800017408 4608167581218504704 4636737291354636288 4636807660098813952 4636878028842991616 0 4605212093963042816 4607182418800017408 4608167581218504704
0 2 1 1 4606619468846596096 4607886106241794048 4608871268660281344 4636737291354636288 4636807660098813952 4636878028842991616 0 4606619468846596096 4607886106241794048 4608871268660281344
1 3 1 2 4607604631265083392 4608589793683570688 4609574956102057984 4636737291354636288 4636807660098813952 4636878028842991616 0 4607604631265083392 4608589793683570688 4609574956102057984
0 4 0 0 4608308318706860032 4609293481125347328 4610278643543834624 4636737291354636288 4636807660098813952 4636878028842991616 0 4608308318706860032 4609293481125347328 4610278643543834624
1 0 0 1 4609012006148636672 4609997168567123968 4610982330985611264 4636737291354636288 4636807660098813952 4636878028842991616 0 4609012006148636672 4609997168567123968 4610982330985611264
0 1 1 2 4609715693590413312 4610700856008900608 4611686018427387904 4636737291354636288 4636807660098813952 4636878028842991616 0 4609715693590413312 4610700856008900608 4611686018427387904
1 2 1 0 4610419381032189952 4611404543450677248 4612037862148276224 4636737291354636288 4636807660098813952 4636878028842991616 0 4610419381032189952 4611404543450677248 4612037862148276224
0 3 0 1 4611123068473966592 4611897124659920896 4612389705869164544 4636737291354636288 4636807660098813952 4636878028842991616 0 4611123068473966592 4611897124659920896 4612389705869164544
1 4 0 2 4611756387171565568 4612248968380809216 4612741549590052864 4636737291354636288 4636807660098813952 4636878028842991616 0 4611756387171565568 4612248968380809216 4612741549590052864
0 0 1 0 4612108230892453888 4612600812101697536 4613093393310941184 4636737291354636288 4636807660098813952 4636878028842991616 0 4612108230892453888 4612600812101697536 4613093393310941184
1 1 1 1 4612460074613342208 4612952655822585856 4613445237031829504 4636737291354636288 4636807660098813952 4636878028842991616 1 4612460074613342208 4612952655822585856 4613445237031829504
0 2 0 2 4612811918334230528 4613304499543474176 4613797080752717824 4636737291354636288 4636807660098813952 4636878028842991616 0 4612811918334230528 4613304499543474176 4613797080752717824
1 3 0 0 4613163762055118848 4613656343264362496 4614148924473606144 4636737291354636288 4636807660098813952 4636878028842991616 0 4613163762055118848 4613656343264362496 4614148924473606144
0 4 1 1 4613515605776007168 4614008186985250816 4614500768194494464 4636737291354636288 4636807660098813952 4636878028842991616 0 4613515605776007168 4614008186985250816 4614500768194494464
1 0 1 2 4613867449496895488 4614360030706139136 4614852611915382784 4636737291354636288 4636807660098813952 4636878028842991616 1 4613867449496895488 4614360030706139136 4614852611915382784
