13822673156306894848 13822321312586006528 13821969468865118208 13828584130817818624 13827036018445910016 13824924956120580096 13825487906074001408 13825206431097290752 13824924956120580096 13817465869237747712 13815495544400773120 13813103007098732544 4593671619917905920 4598175219545276416 13821547256400052224 13821547256400052224 13821547256400052224 13816199231842549760 13817817712958636032 13819013981609656320 0 0 0 0 0 0 4607182418800017408 0 0 0 4607182418800017408 0 0 0 4607182418800017408
13822180575097651200 13821828731376762880 13821406518911696896 13828161918352752640 13826613805980844032 13824080531190448128 13823658318725382144 13823376843748671488 13823095368771960832 13817114025516859392 13814791856958996480 13812258582168600576 4595923419731591168 4600427019358961664 13823799056213737472 13823799056213737472 13823799056213737472 13821476887655874560 13822110206353473536 13822708340678983680 0 0 0 0 0 0 4607182418800017408 0 0 0 4607182418800017408 0 0 0 4607182418800017408
13821687993888407552 13821125043934986240 13820421356493209600 13827739705887686656 13826191593515778048 13823236106260316160 13821828731376762880 13821547256400052224 13820984306446630912 13816480706819260416 13814088169517219840 13810851207285047296 4598175219545276416 4602678819172646912 13826050856027422720 13826050856027422720 13826050856027422720 13823939793702092800 13824537928027602944 13825136062353113088 0 0 0 0 0 0 4607182418800017408 0 0 0 4607182418800017408 0 0 0 4607182418800017408
13820843568958275584 13820139881516498944 13819436194074722304 13827317493422620672 13825487906074001408 13822391681330184192 13818451031656235008 13817888081702813696 13817325131749392384 13815777019377483776 13813384482075443200 13809443832401494016 4599301119452119040 4603804719079489536 13827176755934265344 13827176755934265344 13827063090865545034 13826209185701822464 13826508252864577536 13826693654958612298 0 0 0 0 0 0 4607182418800017408 0 0 0 4607182418800017408 0 0 0 4607182418800017408
13819858406539788288 13819154719098011648 13818451031656235008 13826895280957554688 13824643481143869440 13821547256400052224 13812540057145311232 13810288257331625984 13808036457517940736 13815073331935707136 13812680794633666560 13808036457517940736 4600427019358961664 4598175219545276416 13821547256400052224 13821547256400052224 13821547256400052224 13818028819191169024 13819225087842189312 13820421356493209600 0 0 0 0 0 0 4607182418800017408 0 0 0 4607182418800017408 0 0 0 4607182418800017408
13818873244121300992 13818169556679524352 13817465869237747712 13826473068492488704 13823799056213737472 13819858406539788288 4585790320570007552 4588042120383692800 4589730970243956736 13814369644493930496 13811414157238468608 13805221707750834176 4593671619917905920 4600427019358961664 13823799056213737472 13823799056213737472 13823799056213737472 13822215759469740032 13822813893795250176 13823412028120760320 0 0 0 0 0 0 4607182418800017408 0 0 0 4607182418800017408 0 0 0 4607182418800017408
13817888081702813696 13817184394261037056 13815917756865839104 13826050856027422720 13822954631283605504 13818169556679524352 4594234569871327232 4594797519824748544 4595360469778169856 13813665957052153856 13810006782354915328 13801281058076884992 4595923419731591168 4602678819172646912 13826050856027422720 13826050856027422720 13826050856027422720 13824643481143869440 13825241615469379584 13825839749794889728 0 0 0 0 0 0 4607182418800017408 0 0 0 4607182418800017408 0 0 0 4607182418800017408
13816762181795971072 13815354806912417792 13813947432028864512 13825206431097290752 13822110206353473536 13815917756865839104 4597893744568565760 4598315957033631744 4598597432010342400 13812962269610377216 13808599407471362048 13790022059008458752 4598175219545276416 4603804719079489536 13825768325519549399 13824361888885918488 13822955452252287577 13824536872496440279 13823728570188319512 13822920267880198745 0 0 0 0 0 0 4607182418800017408 0 0 0 4607182418800017408 0 0 0 4607182418800017408
13814791856958996480 13813384482075443200 13811414157238468608 13824362006167158784 13820984306446630912 13812540057145311232 4599864069405540352 4600145544382251008 4600427019358961664 13811977107191889920 13806347607657676800 4575657221408423936 4599301119452119040 4598175219545276416 13821547256400052224 13821098147437211666 13818848224123371156 13819436194074722304 13820183353762902034 13819129699100081812 0 0 0 0 0 0 4607182418800017408 0 0 0 4607182418800017408 0 0 0 4607182418800017408
13812821532122021888 13810288257331625984 13806910557611098112 13823517581237026816 13819295456586366976 13803532857890570240 4601693656754159616 4601975131730870272 4602256606707580928 13810569732308336640 13803532857890570240 4580723770989215744 4600427019358961664 4600427019358961664 13818921016679848273 13817046393334955304 13813299883207442942 13817161798075406673 13815923229990386256 13814566520602640894 0 0 0 0 0 0 4607182418800017408 0 0 0 4607182418800017408 0 0 0 4607182418800017408
13809162357424783360 13804658757797412864 0 13822673156306894848 13817606606726103040 4584664420663164928 4603101031637712896 4603241769126068224 4603382506614423552 13809162357424783360 13796777458449514496 4583538520756322304 4593671619917905920 4602678819172646912 13822674329119297809 13818173778804175012 13773749052354893360 13821970641677521169 13817962672571642020 13806959346607061292 0 0 0 0 0 0 4607182418800017408 0 0 0 4607182418800017408 0 0 0 4607182418800017408
13801281058076884992 4575657221408423936 4583538520756322304 13821828731376762880 13814791856958996480 4590293920197378048 4604015825312022528 4604156562800377856 4604297300288733184 13807473507564519424 4571153621781053440 4585508845593296896 4595923419731591168 4603804719079489536 13812547719519677244 4586142789790844118 4594414635668928521 13808333257243383416 4585579839837422806 4592483639141199890 0 0 0 0 0 0 4607182418800017408 0 0 0 4607182418800017408 0 0 0 4607182418800017408
4580160821035794432 4585227370616586240 4588042120383692800 13820421356493209600 13810288257331625984 4593671619917905920 4604930618986332160 4605071356474687488 4605212093963042816 13804658757797412864 4579034921128951808 4586916220476850176 4598175219545276416 4598175219545276416 4589146753292295063 4594227376621922404 4597040249889184226 4590564761674968524 4593734795412678756 4595351400028920290 0 0 0 0 0 0 4607182418800017408 0 0 0 4607182418800017408 0 0 0 4607182418800017408
4586353270523428864 4589168020290535424 4590575395174088704 13818732506632945664 0 4595360469778169856 4605845412660641792 4605986150148997120 4606126887637352448 13800155158170042368 4582412620849479680 4588323595360403456 4599301119452119040 4600427019358961664 4594115177568705796 4596365100882546306 4598395121870831616 4594467021289594116 4595520675952414338 4596574330615234560 0 0 0 0 0 0 4607182418800017408 0 0 0 4607182418800017408 0 0 0 4607182418800017408
4589730970243956736 4591138345127510016 4592545720011063296 13817043656772681728 4586916220476850176 4597049319638433792 4606760206334951424 4606900943823306752 4607041681311662080 0 4584945895639875584 4589449495267246080 4600427019358961664 4602678819172646912 4595915131857276910 4597789755202169879 4598919799046169632 4595915131857276910 4596593486551149591 4597271841245022272 0 0 0 0 0 0 4607182418800017408 0 0 0 4607182418800017408 0 0 0 4607182418800017408
4591701295080931328 4593108669964484608 4594093832382971904 13813665957052153856 4591419820104220672 4598456694521987072 4607428709404639232 4607499078148816896 4607569446892994560 4576783121315266560 4586353270523428864 4590153182709022720 4593671619917905920 4603804719079489536 4603804719079489536 4603804719079489536 4603804719079489536 4603716758149267456 4603417690986512384 4603118623823757312 0 0 0 0 0 0 4607182418800017408 0 0 0 4607182418800017408 0 0 0 4607182418800017408
4593671619917905920 4594375307359682560 4595078994801459200 13808036457517940736 4594234569871327232 4599301119452119040 4607886106241794048 4607956474985971712 4608026843730149376 4581286720942637056 4587760645406982144 4590856870150799360 4595923419731591168 4598175219545276416 4598175219545276416 4598175219545276416 4598175219545276416 4597471532103499776 4596275263452479488 4595078994801459200 0 0 0 0 0 0 4607182418800017408 0 0 0 4607182418800017408 0 0 0 4607182418800017408
4594656782336393216 4595360469778169856 4596064157219946496 4580160821035794432 4595923419731591168 4600145544382251008 4608343503078948864 4608413871823126528 4608484240567304192 4584101470709743616 4589168020290535424 4591560557592576000 4598175219545276416 4600427019358961664 4600427019358961664 4600427019358961664 4600427019358961664 4599899253777629184 4599301119452119040 4598702985126608896 0 0 0 0 0 0 4607182418800017408 0 0 0 4607182418800017408 0 0 0 4607182418800017408
4595641944754880512 4596345632196657152 4597049319638433792 4589168020290535424 4597612269591855104 4600989969312382976 4608800899916103680 4608871268660281344 4608941637404459008 4585790320570007552 4589871707732312064 4592264245034352640 4599301119452119040 4602678819172646912 4602678819172646912 4602678819172646912 4602678819172646912 4601975131730870272 4601376997405360128 4600778863079849984 0 0 0 0 0 0 4607182418800017408 0 0 0 4607182418800017408 0 0 0 4607182418800017408
4596627107173367808 4597330794615144448 4598034482056921088 4592545720011063296 4598738169498697728 4601834394242514944 4609258296753258496 4609328665497436160 4609399034241613824 4587197695453560832 4590575395174088704 4592967932476129280 4600427019358961664 4603804719079489536 4603144015212281419 4603612671048504661 4603804719079489536 4602704210561171019 4602873799234639189 4602766780102868992 0 0 0 0 0 0 4607182418800017408 0 0 0 4607182418800017408 0 0 0 4607182418800017408
4597612269591855104 4598245588289454080 4598597432010342400 4594797519824748544 4599582594428829696 4602678819172646912 4609715693590413312 4609786062334590976 4609856431078768640 4588605070337114112 4591279082615865344 4593671619917905920 4593671619917905920 4598175219545276416 4598175219545276416 4598175219545276416 4598175219545276416 4596064157219946496 4594867888568926208 4593671619917905920 0 0 0 0 0 0 4607182418800017408 0 0 0 4607182418800017408 0 0 0 4607182418800017408
4598386325777809408 4598738169498697728 4599090013219586048 4596486369685012480 4600427019358961664 4603101031637712896 4610173090427568128 4610243459171745792 4610313827915923456 4589590232755601408 4591982770057641984 4594023463638794240 4595923419731591168 4600427019358961664 4600427019358961664 4600427019358961664 4600427019358961664 4599195566335852544 4598597432010342400 4597823375824388096 0 0 0 0 0 0 4607182418800017408 0 0 0 4607182418800017408 0 0 0 4607182418800017408
4598878906987053056 4599230750707941376 4599582594428829696 4598175219545276416 4601271444289093632 4603523244102778880 4610630487264722944 4610700856008900608 4610771224753078272 4590293920197378048 4592686457499418624 4594375307359682560 4598175219545276416 4602678819172646912 4602678819172646912 4602678819172646912 4602678819172646912 4601271444289093632 4600673309963583488 4600075175638073344 0 0 0 0 0 0 4607182418800017408 0 0 0 4607182418800017408 0 0 0 4607182418800017408
4599371488196296704 4599723331917185024 4600075175638073344 4599019644475408384 4602115869219225600 4603945456567844864 4611087884101877760 4611158252846055424 4611228621590233088 4590997607639154688 4593390144941195264 4594727151080570880 4599301119452119040 4603804719079489536 4603804719079489536 4603804719079489536 4603804719079489536 4603013070707490816 4602714003544735744 4602151053591314432 0 0 0 0 0 0 4607182418800017408 0 0 0 4607182418800017408 0 0 0 4607182418800017408
4599864069405540352 4600215913126428672 4600567756847316992 4599864069405540352 4602819556661002240 4604367669032910848 4611545280939032576 4611615649683210240 4611686018427387904 4591701295080931328 4593882726150438912 4595078994801459200 4600427019358961664 4598175219545276416 4598175219545276416 4598175219545276416 4598175219545276416 4594656782336393216 4593249407452839936 4590856870150799360 0 0 0 0 0 0 4607182418800017408 0 0 0 4607182418800017408 0 0 0 4607182418800017408
4600356650614784000 4600708494335672320 4601060338056560640 4600708494335672320 4603241769126068224 4604789881497976832 4611844348101787648 4611879532473876480 4611914716845965312 4592404982522707968 4594234569871327232 4595430838522347520 4593671619917905920 4600427019358961664 4600427019358961664 4600427019358961664 4600427019358961664 4598491878894075904 4597612269591855104 4596416000940834816 0 0 0 0 0 0 4607182418800017408 0 0 0 4607182418800017408 0 0 0 4607182418800017408
4600849231824027648 4601201075544915968 4601552919265804288 4601552919265804288 4603663981591134208 4605212093963042816 4612073046520365056 4612108230892453888 4612143415264542720 4593108669964484608 4594586413592215552 4595782682243235840 4595923419731591168 4602678819172646912 4602678819172646912 4602678819172646912 4602678819172646912 4600567756847316992 4599969622521806848 4599371488196296704 0 0 0 0 0 0 4607182418800017408 0 0 0 4607182418800017408 0 0 0 4607182418800017408
4601341813033271296 4601693656754159616 4602045500475047936 4602397344195936256 4604086194056200192 4605634306428108800 4612301744938942464 4612336929311031296 4612372113683120128 4593741988662083584 4594938257313103872 4596134525964124160 4598175219545276416 4603804719079489536 4603804719079489536 4603804719079489536 4603804719079489536 4602643634800558080 4602045500475047936 4601447366149537792 0 0 0 0 0 0 4607182418800017408 0 0 0 4607182418800017408 0 0 0 4607182418800017408
4601834394242514944 4602186237963403264 4602538081684291584 4602960294149357568 4604508406521266176 4606056518893174784 4612530443357519872 4612565627729608704 4612600812101697536 4594093832382971904 4595290101033992192 4596486369685012480 4599301119452119040 4598175219545276416 4598175219545276416 4598175219545276416 4598175219545276416 4592827194987773952 4590434657685733376 4586916220476850176 0 0 0 0 0 0 4607182418800017408 0 0 0 4607182418800017408 0 0 0 4607182418800017408
4602326975451758592 4602678819172646912 4602854741033091072 4603382506614423552 4604930618986332160 4606478731358240768 4612759141776097280 4612794326148186112 4612829510520274944 4594445676103860224 4595641944754880512 4596838213405900800 4600427019358961664 4600427019358961664 4600427019358961664 4600427019358961664 4600427019358961664 4597401163359322112 4596204894708301824 4595008626057281536 0 0 0 0 0 0 4607182418800017408 0 0 0 4607182418800017408 0 0 0 4607182418800017408
4602749187916824576 4602925109777268736 4603101031637712896 4603804719079489536 4605352831451398144 4606900943823306752 4612987840194674688 4613023024566763520 4613058208938852352 4594797519824748544 4595993788475768832 4597190057126789120 4593671619917905920 4602678819172646912 4602678819172646912 4602678819172646912 4602678819172646912 4599864069405540352 4599265935080030208 4598667800754520064 0 0 0 0 0 0 4607182418800017408 0 0 0 4607182418800017408 0 0 0 4607182418800017408
4602995478521446400 4603171400381890560 4603347322242334720 4604226931544555520 4605775043916464128 4607252787544195072 4613216538613252096 4613251722985340928 4613286907357429760 4595149363545636864 4596345632196657152 4597541900847677440 4595923419731591168 4603804719079489536 4603804719079489536 4603804719079489536 4603804719079489536 4601939947358781440 4601341813033271296 4600743678707761152 0 0 0 0 0 0 4607182418800017408 0 0 0 4607182418800017408 0 0 0 4607182418800017408
4603241769126068224 4603417690986512384 4603593612846956544 4604649144009621504 4606197256381530112 4607463893776728064 4613445237031829504 4613480421403918336 4613515605776007168 4595501207266525184 4596697475917545472 4597893744568565760 4598175219545276416 4598175219545276416 4598175219545276416 4598175219545276416 4598175219545276416 4590012445220667392 4586071795546718208 4575657221408423936 0 0 0 0 0 0 4607182418800017408 0 0 0 4607182418800017408 0 0 0 4607182418800017408
4603488059730690048 4603663981591134208 4603839903451578368 4605071356474687488 4606619468846596096 4607675000009261056 4613673935450406912 4613709119822495744 4613744304194584576 4595853050987413504 4597049319638433792 4598210403917365248 4599301119452119040 4600427019358961664 4600427019358961664 4600427019358961664 4600427019358961664 4595993788475768832 4594797519824748544 4593530882429550592 0 0 0 0 0 0 4607182418800017408 0 0 0 4607182418800017408 0 0 0 4607182418800017408
4603734350335311872 4603910272195756032 4604086194056200192 4605493568939753472 4607041681311662080 4607886106241794048 4613902633868984320 4613937818241073152 4613973002613161984 4596204894708301824 4597401163359322112 4598386325777809408 4600427019358961664 4602678819172646912 4602678819172646912 4602678819172646912 4602678819172646912 4599160381963763712 4598562247638253568 4597753007080210432 0 0 0 0 0 0 4607182418800017408 0 0 0 4607182418800017408 0 0 0 4607182418800017408
4603980640939933696 4604156562800377856 4604332484660822016 4605915781404819456 4607323156288372736 4608097212474327040 4614131332287561728 4614166516659650560 4614201701031739392 4596556738429190144 4597753007080210432 4598562247638253568 4593671619917905920 4603804719079489536 4603804719079489536 4603804719079489536 4603804719079489536 4601236259917004800 4600638125591494656 4600039991265984512 0 0 0 0 0 0 4607182418800017408 0 0 0 4607182418800017408 0 0 0 4607182418800017408
