0 0 1 4 7 10 0 0 0 0
0 0 2 5 8 11 0 0 0 0
0 0 3 6 9 12 0 0 0 0
0 0 1 4 7 10 0 0 0 0
0 0 2 5 8 11 0 0 0 0
0 0 3 6 9 12 0 0 0 0
0 0 1 4 7 10 0 0 0 0
0 0 2 5 8 11 0 0 0 0
0 0 3 6 9 12 0 0 0 0
0 0 1 4 7 10 0 0 0 0
0 0 2 5 8 11 0 0 0 0
0 0 3 6 9 12 0 0 0 0
0 0 1 4 7 10 0 0 0 0
0 0 2 5 8 11 0 0 0 0
0 0 3 6 9 12 0 0 0 0
0 0 1 4 7 10 0 0 0 0
0 0 2 5 8 11 0 0 0 0
0 0 3 6 9 12 0 0 0 0
0 0 1 4 7 10 0 0 0 0
0 0 2 5 8 11 0 0 0 0
0 0 3 6 9 12 0 0 0 0
0 0 1 4 7 10 0 0 0 0
0 0 2 5 8 11 0 0 0 0
0 0 3 6 9 12 0 0 0 0
0 0 1 4 7 10 0 0 0 0
0 0 2 5 8 11 0 0 0 0
0 0 3 6 9 12 0 0 0 0
0 0 1 4 7 10 0 0 0 0
0 0 2 5 8 11 0 0 0 0
0 0 3 6 9 12 0 0 0 0
