13839561654909534208 13835058055282163712 4602678819172646912 4562254508917369340 13821547256400052224 4545009055555902309 0 0 0 0 1 1 0 13785626545772145148 0 13821549883661363963
13838998704956112896 13834495105328742400 4603804719079489536 4562830969669672764 13820421356493209600 4545009055555902309 1 1 1 0 1 2 0 13786203006524448572 0 13820426282608169111
13838435755002691584 13833932155375321088 4604930618986332160 4563407430421976187 13819295456586366976 4545009055555902309 2 1 2 0 1 3 0 13786779467276751995 0 13819300054293662520
13837872805049270272 13833369205421899776 4606056518893174784 4563983891174279610 13818169556679524352 4545009055555902309 3 1 3 0 1 4 0 13787355928029055418 0 13818173825979155929
13837309855095848960 13832806255468478464 4607182418800017408 4564560351926583034 13817043656772681728 4545009055555902309 4 1 0 0 1 1 0 13787932388781358842 0 13817047597664649337
13836746905142427648 13832243305515057152 4602678819172646912 4565136812678886458 13814791856958996480 4545009055555902309 5 1 1 0 1 2 0 13788508849533662266 0 13814799081927603763
13836183955189006336 13831680355561635840 4603804719079489536 4565713273431189881 13812540057145311232 4545009055555902309 6 0 2 0 1 3 0 13789085310285965689 0 13812546625298590581
13835621005235585024 13835058055282163712 4604930618986332160 4566289734183493304 13808036457517940736 4545009055555902309 7 1 3 1 0 0 0 13789661771038269112 0 13808039084779252475
13835058055282163712 13834495105328742400 4606056518893174784 4566758108544739836 0 4545009055555902309 8 1 0 1 0 0 0 13790130145399515644 0 13754870293528566629
13833932155375321088 13833932155375321088 4607182418800017408 4562254508917369340 4584664420663164928 4545009055555902309 9 1 1 1 0 0 0 13785626545772145148 0 4584664420663164928
13832806255468478464 13833369205421899776 4602678819172646912 4562830969669672764 4589168020290535424 4545009055555902309 10 1 2 1 0 0 0 13786203006524448572 0 4589168677105863359
13831680355561635840 13832806255468478464 4603804719079489536 4563407430421976187 13821547256400052224 4545009055555902309 11 1 3 1 0 0 0 13786779467276751995 0 13821546599584724289
13830554455654793216 13832243305515057152 4604930618986332160 4563983891174279610 13820421356493209600 4545009055555902309 0 0 0 0 0 1 0 13787355928029055418 0 13820420371270217698
13828302655841107968 13831680355561635840 4606056518893174784 4564560351926583034 13819295456586366976 4545009055555902309 1 1 1 1 0 0 0 13787932388781358842 0 13819294142955711106
13826050856027422720 13835058055282163712 4607182418800017408 4565136812678886458 13818169556679524352 4545009055555902309 2 1 2 0 1 3 0 13788508849533662266 0 13818165615787556743
13821547256400052224 13834495105328742400 4602678819172646912 4565713273431189881 13817043656772681728 4545009055555902309 3 1 3 0 1 4 0 13789085310285965689 0 13817035118173418575
0 13833932155375321088 4603804719079489536 4566289734183493304 13814791856958996480 4545009055555902309 4 1 0 0 1 1 0 13789661771038269112 0 13814782661544405392
4598175219545276416 13833369205421899776 4604930618986332160 4566758108544739836 13812540057145311232 4545009055555902309 5 1 1 0 1 2 0 13790130145399515644 0 13812520352685473186
4602678819172646912 13832806255468478464 4606056518893174784 4562254508917369340 13808036457517940736 4545009055555902309 6 0 2 0 1 3 0 13785626545772145148 0 13807994421336952905
4604930618986332160 13832243305515057152 4607182418800017408 4562830969669672764 0 4545009055555902309 7 1 3 0 1 4 0 13786203006524448572 0 4549848944631175451
4607182418800017408 13831680355561635840 4602678819172646912 4563407430421976187 4584664420663164928 4545009055555902309 8 1 0 0 1 0 0 13786779467276751995 0 4584688066014970583
4608308318706860032 13835058055282163712 4603804719079489536 4563983891174279610 4589168020290535424 4545009055555902309 9 1 1 0 1 0 0 13787355928029055418 0 4589185097489061730
4609434218613702656 13834495105328742400 4604930618986332160 4564560351926583034 13821547256400052224 4545009055555902309 10 1 2 0 1 3 0 13787932388781358842 0 13821538389393125103
4610560118520545280 13833932155375321088 4606056518893174784 4565136812678886458 13820421356493209600 4545009055555902309 11 1 3 0 1 4 0 13788508849533662266 0 13820412161078618512
4611686018427387904 13833369205421899776 4607182418800017408 4565713273431189881 13819295456586366976 4545009055555902309 0 0 0 0 1 1 0 13789085310285965689 0 13819285932764111921
4612248968380809216 13832806255468478464 4602678819172646912 4566289734183493304 13818169556679524352 4545009055555902309 1 1 1 0 1 2 0 13789661771038269112 0 13818159704449605329
4612811918334230528 13832243305515057152 4603804719079489536 4566758108544739836 13817043656772681728 4545009055555902309 2 1 2 0 1 3 0 13790130145399515644 0 13817023295497515747
4613374868287651840 13831680355561635840 4604930618986332160 4562254508917369340 13814791856958996480 4545009055555902309 3 1 3 0 1 4 0 13785626545772145148 0 13814770838868502565
4613937818241073152 13835058055282163712 4606056518893174784 4562830969669672764 13812540057145311232 4545009055555902309 4 1 0 0 1 1 0 13786203006524448572 0 13812487511919076444
4614500768194494464 13834495105328742400 4607182418800017408 4563407430421976187 13808036457517940736 4545009055555902309 5 1 1 0 1 2 0 13786779467276751995 0 13807928739804159420
