13814791856958996480 13812540057145311232 4594797519824748544 1 4607182418800017408 0 0 0 4607182418800017408 0 0 0 4607182418800017408
4589168020290535424 4589168020290535424 13814791856958996480 1 4607182418800017408 0 0 0 4607182418800017408 0 0 0 4607182418800017408
13819295456586366976 4584664420663164928 13814791856958996480 1 4607182418800017408 0 0 0 4607182418800017408 0 0 0 4607182418800017408
4589168020290535424 13820421356493209600 0 1 4607182418800017408 0 0 0 4607182418800017408 0 0 0 4607182418800017408
13814791856958996480 13814791856958996480 13821547256400052224 1 4607182418800017408 0 0 0 4607182418800017408 0 0 0 4607182418800017408
4598175219545276416 13817043656772681728 4589168020290535424 1 4607182418800017408 0 0 0 4607182418800017408 0 0 0 4607182418800017408
13814791856958996480 4597049319638433792 13818169556679524352 1 4607182418800017408 0 0 0 4607182418800017408 0 0 0 4607182418800017408
13821547256400052224 4589168020290535424 4595923419731591168 1 4607182418800017408 0 0 0 4607182418800017408 0 0 0 4607182418800017408
4591419820104220672 13822110206353473536 13814791856958996480 1 4607182418800017408 0 0 0 4607182418800017408 0 0 0 4607182418800017408
4589168020290535424 4589168020290535424 4598738169498697728 1 4607182418800017408 0 0 0 4607182418800017408 0 0 0 4607182418800017408
4595923419731591168 13814791856958996480 4584664420663164928 1 4607182418800017408 0 0 0 4607182418800017408 0 0 0 4607182418800017408
13812540057145311232 4594797519824748544 4589168020290535424 1 4607182418800017408 0 0 0 4607182418800017408 0 0 0 4607182418800017408
13814791856958996480 13814791856958996480 4593671619917905920 1 4607182418800017408 0 0 0 4607182418800017408 0 0 0 4607182418800017408
4584664420663164928 4589168020290535424 13817043656772681728 1 4607182418800017408 0 0 0 4607182418800017408 0 0 0 4607182418800017408
13820421356493209600 0 13814791856958996480 1 4607182418800017408 0 0 0 4607182418800017408 0 0 0 4607182418800017408
4589168020290535424 13821547256400052224 13808036457517940736 1 4607182418800017408 0 0 0 4607182418800017408 0 0 0 4607182418800017408
13817043656772681728 13814791856958996480 13822110206353473536 1 4607182418800017408 0 0 0 4607182418800017408 0 0 0 4607182418800017408
4597049319638433792 13818169556679524352 4589168020290535424 1 4607182418800017408 0 0 0 4607182418800017408 0 0 0 4607182418800017408
13814791856958996480 4595923419731591168 13819295456586366976 1 4607182418800017408 0 0 0 4607182418800017408 0 0 0 4607182418800017408
13822110206353473536 4589168020290535424 4594797519824748544 1 4607182418800017408 0 0 0 4607182418800017408 0 0 0 4607182418800017408
4589168020290535424 4598738169498697728 13814791856958996480 1 4607182418800017408 0 0 0 4607182418800017408 0 0 0 4607182418800017408
4589168020290535424 4584664420663164928 4598175219545276416 1 4607182418800017408 0 0 0 4607182418800017408 0 0 0 4607182418800017408
4594797519824748544 13814791856958996480 0 1 4607182418800017408 0 0 0 4607182418800017408 0 0 0 4607182418800017408
13814791856958996480 4593671619917905920 4589168020290535424 1 4607182418800017408 0 0 0 4607182418800017408 0 0 0 4607182418800017408
13814791856958996480 13817043656772681728 4591419820104220672 1 4607182418800017408 0 0 0 4607182418800017408 0 0 0 4607182418800017408
0 4589168020290535424 13818169556679524352 1 4607182418800017408 0 0 0 4607182418800017408 0 0 0 4607182418800017408
13821547256400052224 13808036457517940736 13814791856958996480 1 4607182418800017408 0 0 0 4607182418800017408 0 0 0 4607182418800017408
4589168020290535424 13822110206353473536 13812540057145311232 1 4607182418800017408 0 0 0 4607182418800017408 0 0 0 4607182418800017408
13818169556679524352 13814791856958996480 4598738169498697728 1 4607182418800017408 0 0 0 4607182418800017408 0 0 0 4607182418800017408
4595923419731591168 13819295456586366976 4589168020290535424 1 4607182418800017408 0 0 0 4607182418800017408 0 0 0 4607182418800017408
13814791856958996480 4594797519824748544 13820421356493209600 1 4607182418800017408 0 0 0 4607182418800017408 0 0 0 4607182418800017408
4598738169498697728 4589168020290535424 4593671619917905920 1 4607182418800017408 0 0 0 4607182418800017408 0 0 0 4607182418800017408
4584664420663164928 4598175219545276416 13814791856958996480 1 4607182418800017408 0 0 0 4607182418800017408 0 0 0 4607182418800017408
4589168020290535424 0 4597049319638433792 1 4607182418800017408 0 0 0 4607182418800017408 0 0 0 4607182418800017408
4593671619917905920 13814791856958996480 13808036457517940736 1 4607182418800017408 0 0 0 4607182418800017408 0 0 0 4607182418800017408
13817043656772681728 4591419820104220672 4589168020290535424 1 4607182418800017408 0 0 0 4607182418800017408 0 0 0 4607182418800017408
