13824080531190448128 13823095368771960832 13822110206353473536 13822673156306894848 13822321312586006528 13821969468865118208 13821969468865118208 13820562093981564928 13818732506632945664 4593671619917905920 4598175219545276416 4614219293217783808 4613234130799296512 4612248968380809216 13813665957052153856 13817606606726103040 13819858406539788288 0 0 0 0 0 0 13822673156306894848 13822321312586006528 13821969468865118208
13823658318725382144 13822673156306894848 13821687993888407552 13821899100120940544 13821547256400052224 13820843568958275584 13821617625144229888 13819858406539788288 13818028819191169024 4595923419731591168 4600427019358961664 4611498368442914133 4610184818551597739 4608871268660281344 13808036457517940736 13814791856958996480 13818169556679524352 0 0 0 0 0 0 13821899100120940544 13821547256400052224 13820843568958275584
13823236106260316160 13822250943841828864 13820984306446630912 13820702831469920256 13819999144028143616 13819295456586366976 13820984306446630912 13819154719098011648 13817325131749392384 4598175219545276416 4602678819172646912 4608871268660281344 4607886106241794048 4606619468846596096 4580160821035794432 13810288257331625984 13815917756865839104 0 0 0 0 0 0 13820702831469920256 13819999144028143616 13819295456586366976
13822813893795250176 13821828731376762880 13820139881516498944 13819154719098011648 13818451031656235008 13817747344214458368 13820280619004854272 13818451031656235008 13816199231842549760 4599301119452119040 4603804719079489536 4607295008790701670 4605831338911806259 4604255079042226586 4589168020290535424 0 13812540057145311232 0 0 0 0 0 0 13819154719098011648 13818451031656235008 13817747344214458368
13822391681330184192 13821265781423341568 13819295456586366976 13817606606726103040 13816762181795971072 13815354806912417792 13819576931563077632 13817747344214458368 13814791856958996480 4600427019358961664 4598175219545276416 4605305918955279701 4603992369063963307 4602678819172646912 4585415020601060011 4580160821035794432 13796026858511619413 0 0 0 0 0 0 13817606606726103040 13816762181795971072 13815354806912417792
13821969468865118208 13820421356493209600 13818451031656235008 13815073331935707136 13813665957052153856 13811977107191889920 13818873244121300992 13817043656772681728 13813384482075443200 4593671619917905920 4600427019358961664 4612108230892453888 4610560118520545280 4608589793683570688 4597612269591855104 4594234569871327232 4586916220476850176 0 0 0 0 0 0 13815073331935707136 13813665957052153856 13811977107191889920
13821547256400052224 13819576931563077632 13817606606726103040 13811414157238468608 13808599407471362048 13803532857890570240 13818169556679524352 13815636281889128448 13811414157238468608 4595923419731591168 4602678819172646912 4608683618675807573 4607370068784491179 4604930618986332160 4598550519514223957 4595923419731591168 4592170420042115755 0 0 0 0 0 0 13811414157238468608 13808599407471362048 13803532857890570240
13820702831469920256 13818732506632945664 13816480706819260416 13801281058076884992 4575657221408423936 4583538520756322304 13817465869237747712 13814228907005575168 13808599407471362048 4598175219545276416 4603804719079489536 4606337993869885440 4604367669032910848 4602115869219225600 4599301119452119040 4597612269591855104 4594797519824748544 0 0 0 0 0 0 13801281058076884992 4575657221408423936 4583538520756322304
13819858406539788288 13817888081702813696 13814791856958996480 4584664420663164928 4587479170430271488 4589730970243956736 13816480706819260416 13812821532122021888 13803532857890570240 4599301119452119040 4598175219545276416 4604029899060858061 4602228459209909862 4599075939470750515 4593221259955168870 4591419820104220672 4589618380253272474 0 0 0 0 0 0 4584664420663164928 4587479170430271488 4589730970243956736
13819013981609656320 13817043656772681728 13813103007098732544 4590012445220667392 4591419820104220672 4592827194987773952 13815073331935707136 13810288257331625984 4571153621781053440 4600427019358961664 4600427019358961664 4602303519203699371 4599676419421066581 4595923419731591168 4595360469778169856 4594234569871327232 4592545720011063296 0 0 0 0 0 0 4590012445220667392 4591419820104220672 4592827194987773952
13818169556679524352 13815354806912417792 13810288257331625984 4593108669964484608 4594093832382971904 4594797519824748544 13813665957052153856 13806910557611098112 4582412620849479680 4593671619917905920 4602678819172646912 4608308318706860032 4605493568939753472 4600427019358961664 4605212093963042816 4604086194056200192 4602960294149357568 0 0 0 0 0 0 4593108669964484608 4594093832382971904 4594797519824748544
13817325131749392384 13813665957052153856 13805784657704255488 4594938257313103872 4595641944754880512 4596345632196657152 13811977107191889920 13799029258263199744 4586353270523428864 4595923419731591168 4603804719079489536 4604555319017384619 4601177619296856747 4593671619917905920 4604742969001858390 4603804719079489536 4602866469157120683 0 0 0 0 0 0 4594938257313103872 4595641944754880512 4596345632196657152
13815917756865839104 13811414157238468608 0 4596486369685012480 4597190057126789120 4597893744568565760 13809162357424783360 4577909021222109184 4589168020290535424 4598175219545276416 4598175219545276416 4601552919265804288 4597049319638433792 0 4597893744568565760 4596767844661723136 4595641944754880512 0 0 0 0 0 0 4596486369685012480 4597190057126789120 4597893744568565760
13814228907005575168 13808036457517940736 4582412620849479680 4598034482056921088 4598456694521987072 4598808538242875392 13804658757797412864 4584664420663164928 4590575395174088704 4599301119452119040 4600427019358961664 4598625579508013466 4591870180066957722 13813440777070785331 4599413709442803302 4598738169498697728 4597950039563907892 0 0 0 0 0 0 4598034482056921088 4598456694521987072 4598808538242875392
13812540057145311232 13799029258263199744 4586916220476850176 4598878906987053056 4599230750707941376 4599582594428829696 0 4587479170430271488 4591982770057641984 4600427019358961664 4602678819172646912 4595172819793696085 4581662020911584597 13817043656772681728 4600614669343435435 4599864069405540352 4599113469467645269 0 0 0 0 0 0 4598878906987053056 4599230750707941376 4599582594428829696
13809162357424783360 4580160821035794432 4589730970243956736 4599652963173007360 4600004806893895680 4600356650614784000 4581286720942637056 4589730970243956736 4593390144941195264 4593671619917905920 4603804719079489536 4599301119452119040 13817043656772681728 13826613805980844032 4609715693590413312 4609012006148636672 4608308318706860032 0 0 0 0 0 0 4599652963173007360 4600004806893895680 4600356650614784000
13803532857890570240 4585790320570007552 4591419820104220672 4600427019358961664 4600778863079849984 4601130706800738304 4585790320570007552 4591138345127510016 4594234569871327232 4595923419731591168 4598175219545276416 4590669220166325589 13820046056524262059 13826050856027422720 4601740569250278059 4600989969312382976 4600239369374487893 0 0 0 0 0 0 4600427019358961664 4600778863079849984 4601130706800738304
4575657221408423936 4589168020290535424 4593108669964484608 4601201075544915968 4601552919265804288 4601904762986692608 4588605070337114112 4592545720011063296 4594938257313103872 4598175219545276416 4600427019358961664 13808036457517940736 13821547256400052224 13825487906074001408 4603030662893535232 4602538081684291584 4601693656754159616 0 0 0 0 0 0 4601201075544915968 4601552919265804288 4601904762986692608
4584664420663164928 4590856870150799360 4594234569871327232 4601975131730870272 4602326975451758592 4602678819172646912 4590293920197378048 4593812357406261248 4595641944754880512 4599301119452119040 4602678819172646912 13815242216921733530 13821997616362789274 13825150136101948621 4603692129088805274 4603241769126068224 4602791409163331174 0 0 0 0 0 0 4601975131730870272 4602326975451758592 4602678819172646912
4588042120383692800 4592545720011063296 4595078994801459200 4602714003544735744 4602889925405179904 4603065847265624064 4591701295080931328 4594516044848037888 4596345632196657152 4600427019358961664 4603804719079489536 13817794256710576811 13822297856337947307 13824924956120580096 4604273844040673962 4603804719079489536 4603335594118305109 0 0 0 0 0 0 4602714003544735744 4602889925405179904 4603065847265624064
4590293920197378048 4593953094894616576 4595923419731591168 4603101031637712896 4603276953498157056 4603452875358601216 4593108669964484608 4595219732289814528 4597049319638433792 4593671619917905920 4598175219545276416 13827176755934265344 13830835930631503872 13832806255468478464 4605915781404819456 4605352831451398144 4604789881497976832 0 0 0 0 0 0 4603101031637712896 4603276953498157056 4603452875358601216
4591982770057641984 4594797519824748544 4596767844661723136 4603488059730690048 4603663981591134208 4603839903451578368 4594093832382971904 4595923419731591168 4597753007080210432 4595923419731591168 4600427019358961664 13826426155996370261 13829053255779003051 13831117405608214528 4606337993869885440 4605775043916464128 4605212093963042816 0 0 0 0 0 0 4603488059730690048 4603663981591134208 4603839903451578368
4593671619917905920 4595641944754880512 4597612269591855104 4603875087823667200 4604051009684111360 4604226931544555520 4594797519824748544 4596627107173367808 4598315957033631744 4598175219545276416 4602678819172646912 13826050856027422720 13828021180864397312 13829991505701371904 4606760206334951424 4606197256381530112 4605634306428108800 0 0 0 0 0 0 4603875087823667200 4604051009684111360 4604226931544555520
4594516044848037888 4596486369685012480 4598315957033631744 4604262115916644352 4604438037777088512 4604613959637532672 4595501207266525184 4597330794615144448 4598667800754520064 4599301119452119040 4603804719079489536 13825600496064685670 13827401935915633869 13828978195785213542 4607182418800017408 4606619468846596096 4606056518893174784 0 0 0 0 0 0 4604262115916644352 4604438037777088512 4604613959637532672
4595360469778169856 4597330794615144448 4598738169498697728 4604649144009621504 4604825065870065664 4605000987730509824 4596204894708301824 4598034482056921088 4599019644475408384 4600427019358961664 4598175219545276416 13825300256089527637 13826989105949791573 13828302655841107968 4599957894397777237 4599582594428829696 4599207294459882155 0 0 0 0 0 0 4604649144009621504 4604825065870065664 4605000987730509824
4596204894708301824 4598175219545276416 4599160381963763712 4605036172102598656 4605212093963042816 4605388015823486976 4596908582150078464 4598456694521987072 4599371488196296704 4593671619917905920 4600427019358961664 13833087730445189120 13835058055282163712 13836043217700651008 4610067537311301632 4609645324846235648 4609223112381169664 0 0 0 0 0 0 4605036172102598656 4605212093963042816 4605388015823486976
4597049319638433792 4598597432010342400 4599582594428829696 4605423200195575808 4605599122056019968 4605775043916464128 4597612269591855104 4598808538242875392 4599723331917185024 4595923419731591168 4602678819172646912 13831305055592688299 13832618605484004693 13833932155375321088 4609528043605939541 4609152743636992000 4608777443668044459 0 0 0 0 0 0 4605423200195575808 4605599122056019968 4605775043916464128
4597893744568565760 4599019644475408384 4600004806893895680 4605810228288552960 4605986150148997120 4606162072009441280 4598245588289454080 4599160381963763712 4600075175638073344 4598175219545276416 4603804719079489536 13830272980678082560 13831398880584925184 13832384043003412480 4609363849869524992 4609012006148636672 4608660162427748352 0 0 0 0 0 0 4605810228288552960 4605986150148997120 4606162072009441280
4598456694521987072 4599441856940474368 4600427019358961664 4606197256381530112 4606373178241974272 4606549100102418432 4598597432010342400 4599512225684652032 4600427019358961664 4599301119452119040 4598175219545276416 13829203375766582067 13830667045645477478 13831455175580267315 4602566229181962650 4602115869219225600 4601665509256488550 0 0 0 0 0 0 4606197256381530112 4606373178241974272 4606549100102418432
4598878906987053056 4599864069405540352 4600849231824027648 4606584284474507264 4606760206334951424 4606936128195395584 4598949275731230720 4599864069405540352 4600778863079849984 4600427019358961664 4600427019358961664 13828490305825581739 13829803855716898133 13830835930631503872 4603945456567844864 4603663981591134208 4603382506614423552 0 0 0 0 0 0 4606584284474507264 4606760206334951424 4606936128195395584
4599301119452119040 4600286281870606336 4601271444289093632 4606971312567484416 4607147234427928576 4607252787544195072 4599301119452119040 4600215913126428672 4601130706800738304 4593671619917905920 4602678819172646912 13836183955189006336 13837169117607493632 13838154280025980928 4613163762055118848 4612882287078408192 4612600812101697536 0 0 0 0 0 0 4606971312567484416 4607147234427928576 4607252787544195072
4599723331917185024 4600708494335672320 4601693656754159616 4607270379730239488 4607358340660461568 4607446301590683648 4599652963173007360 4600567756847316992 4601482550521626624 4595923419731591168 4603804719079489536 13834119805359794859 13835245705266637483 13835902480212295680 4612342793373046101 4612108230892453888 4611873668411861675 0 0 0 0 0 0 4607270379730239488 4607358340660461568 4607446301590683648
4600145544382251008 4601130706800738304 4602115869219225600 4607463893776728064 4607551854706950144 4607639815637172224 4600004806893895680 4600919600568205312 4601834394242514944 4598175219545276416 4598175219545276416 13832524780491767808 13833509942910255104 13834495105328742400 4604578775265443840 4604297300288733184 4604015825312022528 0 0 0 0 0 0 4607463893776728064 4607551854706950144 4607639815637172224
4600567756847316992 4601552919265804288 4602538081684291584 4607657407823216640 4607745368753438720 4607833329683660800 4600356650614784000 4601271444289093632 4602186237963403264 4599301119452119040 4600427019358961664 13831567765570951578 13832355895505741414 13833144025440531251 4606112813888516916 4605775043916464128 4605437273944411340 0 0 0 0 0 0 4607657407823216640 4607745368753438720 4607833329683660800
4600989969312382976 4601975131730870272 4602819556661002240 4607850921869705216 4607938882799927296 4608026843730149376 4600708494335672320 4601623288009981952 4602538081684291584 4600427019358961664 4602678819172646912 13830929755623740757 13831586530569398955 13832243305515057152 4607229331296135851 4606900943823306752 4606525643854359211 0 0 0 0 0 0 4607850921869705216 4607938882799927296 4608026843730149376
4601412181777448960 4602397344195936256 4603030662893535232 4608044435916193792 4608132396846415872 4608220357776637952 4601060338056560640 4601975131730870272 4602784372288913408 4593671619917905920 4603804719079489536 13838295017514336256 13839280179932823552 13839913498630422528 4615978511822225408 4615626668101337088 4615274824380448768 0 0 0 0 0 0 4608044435916193792 4608132396846415872 4608220357776637952
