13832384043003412480 13832032199282524160 13831680355561635840 4607182418800017408 0 0 0 4607182418800017408 0 0 0 4607182418800017408 13832384043003412480 13832032199282524160 13831680355561635840 0 0 0
13831891461794168832 13831539618073280512 13831187774352392192 4607182418800017408 0 0 0 4607182418800017408 0 0 0 4607182418800017408 13831891461794168832 13831539618073280512 13831187774352392192 0 0 0
13831398880584925184 13831047036864036864 13830695193143148544 4607182418800017408 0 0 0 4607182418800017408 0 0 0 4607182418800017408 13831398880584925184 13831047036864036864 13830695193143148544 0 0 0
13830906299375681536 13830554455654793216 13829850768213016576 4607182418800017408 0 0 0 4607182418800017408 0 0 0 4607182418800017408 13830906299375681536 13830554455654793216 13829850768213016576 0 0 0
13830272980678082560 13829569293236305920 13828865605794529280 4607182418800017408 0 0 0 4607182418800017408 0 0 0 4607182418800017408 13830272980678082560 13829569293236305920 13828865605794529280 0 0 0
13829287818259595264 13828584130817818624 13827880443376041984 4607182418800017408 0 0 0 4607182418800017408 0 0 0 4607182418800017408 13829287818259595264 13828584130817818624 13827880443376041984 0 0 0
13828302655841107968 13827598968399331328 13826895280957554688 4607182418800017408 0 0 0 4607182418800017408 0 0 0 4607182418800017408 13828302655841107968 13827598968399331328 13826895280957554688 0 0 0
13827317493422620672 13826613805980844032 13825769381050712064 4607182418800017408 0 0 0 4607182418800017408 0 0 0 4607182418800017408 13827317493422620672 13826613805980844032 13825769381050712064 0 0 0
13826332331004133376 13825206431097290752 13823799056213737472 4607182418800017408 0 0 0 4607182418800017408 0 0 0 4607182418800017408 13826332331004133376 13825206431097290752 13823799056213737472 0 0 0
13824643481143869440 13823236106260316160 13821828731376762880 4607182418800017408 0 0 0 4607182418800017408 0 0 0 4607182418800017408 13824643481143869440 13823236106260316160 13821828731376762880 0 0 0
13822673156306894848 13820984306446630912 13818169556679524352 4607182418800017408 0 0 0 4607182418800017408 0 0 0 4607182418800017408 13822673156306894848 13820984306446630912 13818169556679524352 0 0 0
13819858406539788288 13817043656772681728 13810288257331625984 4607182418800017408 0 0 0 4607182418800017408 0 0 0 4607182418800017408 13819858406539788288 13817043656772681728 13810288257331625984 0 0 0
13814791856958996480 13803532857890570240 4589168020290535424 4607182418800017408 0 0 0 4607182418800017408 0 0 0 4607182418800017408 13814791856958996480 13803532857890570240 4589168020290535424 0 0 0
4580160821035794432 4591419820104220672 4595360469778169856 4607182418800017408 0 0 0 4607182418800017408 0 0 0 4607182418800017408 4580160821035794432 4591419820104220672 4595360469778169856 0 0 0
4593671619917905920 4596486369685012480 4598738169498697728 4607182418800017408 0 0 0 4607182418800017408 0 0 0 4607182418800017408 4593671619917905920 4596486369685012480 4598738169498697728 0 0 0
4597612269591855104 4599301119452119040 4600708494335672320 4607182418800017408 0 0 0 4607182418800017408 0 0 0 4607182418800017408 4597612269591855104 4599301119452119040 4600708494335672320 0 0 0
4599864069405540352 4601271444289093632 4602678819172646912 4607182418800017408 0 0 0 4607182418800017408 0 0 0 4607182418800017408 4599864069405540352 4601271444289093632 4602678819172646912 0 0 0
4601834394242514944 4602960294149357568 4603663981591134208 4607182418800017408 0 0 0 4607182418800017408 0 0 0 4607182418800017408 4601834394242514944 4602960294149357568 4603663981591134208 0 0 0
4603241769126068224 4603945456567844864 4604649144009621504 4607182418800017408 0 0 0 4607182418800017408 0 0 0 4607182418800017408 4603241769126068224 4603945456567844864 4604649144009621504 0 0 0
4604226931544555520 4604930618986332160 4605634306428108800 4607182418800017408 0 0 0 4607182418800017408 0 0 0 4607182418800017408 4604226931544555520 4604930618986332160 4605634306428108800 0 0 0
4605212093963042816 4605915781404819456 4606619468846596096 4607182418800017408 0 0 0 4607182418800017408 0 0 0 4607182418800017408 4605212093963042816 4605915781404819456 4606619468846596096 0 0 0
4606197256381530112 4606900943823306752 4607393525032550400 4607182418800017408 0 0 0 4607182418800017408 0 0 0 4607182418800017408 4606197256381530112 4606900943823306752 4607393525032550400 0 0 0
4607182418800017408 4607534262520905728 4607886106241794048 4607182418800017408 0 0 0 4607182418800017408 0 0 0 4607182418800017408 4607182418800017408 4607534262520905728 4607886106241794048 0 0 0
4607675000009261056 4608026843730149376 4608378687451037696 4607182418800017408 0 0 0 4607182418800017408 0 0 0 4607182418800017408 4607675000009261056 4608026843730149376 4608378687451037696 0 0 0
4608167581218504704 4608519424939393024 4608871268660281344 4607182418800017408 0 0 0 4607182418800017408 0 0 0 4607182418800017408 4608167581218504704 4608519424939393024 4608871268660281344 0 0 0
4608660162427748352 4609012006148636672 4609363849869524992 4607182418800017408 0 0 0 4607182418800017408 0 0 0 4607182418800017408 4608660162427748352 4609012006148636672 4609363849869524992 0 0 0
4609152743636992000 4609504587357880320 4609856431078768640 4607182418800017408 0 0 0 4607182418800017408 0 0 0 4607182418800017408 4609152743636992000 4609504587357880320 4609856431078768640 0 0 0
4609645324846235648 4609997168567123968 4610349012288012288 4607182418800017408 0 0 0 4607182418800017408 0 0 0 4607182418800017408 4609645324846235648 4609997168567123968 4610349012288012288 0 0 0
4610137906055479296 4610489749776367616 4610841593497255936 4607182418800017408 0 0 0 4607182418800017408 0 0 0 4607182418800017408 4610137906055479296 4610489749776367616 4610841593497255936 0 0 0
4610630487264722944 4610982330985611264 4611334174706499584 4607182418800017408 0 0 0 4607182418800017408 0 0 0 4607182418800017408 4610630487264722944 4610982330985611264 4611334174706499584 0 0 0
4611123068473966592 4611474912194854912 4611756387171565568 4607182418800017408 0 0 0 4607182418800017408 0 0 0 4607182418800017408 4611123068473966592 4611474912194854912 4611756387171565568 0 0 0
4611615649683210240 4611826755915743232 4612002677776187392 4607182418800017408 0 0 0 4607182418800017408 0 0 0 4607182418800017408 4611615649683210240 4611826755915743232 4612002677776187392 0 0 0
4611897124659920896 4612073046520365056 4612248968380809216 4607182418800017408 0 0 0 4607182418800017408 0 0 0 4607182418800017408 4611897124659920896 4612073046520365056 4612248968380809216 0 0 0
4612143415264542720 4612319337124986880 4612495258985431040 4607182418800017408 0 0 0 4607182418800017408 0 0 0 4607182418800017408 4612143415264542720 4612319337124986880 4612495258985431040 0 0 0
4612389705869164544 4612565627729608704 4612741549590052864 4607182418800017408 0 0 0 4607182418800017408 0 0 0 4607182418800017408 4612389705869164544 4612565627729608704 4612741549590052864 0 0 0
4612635996473786368 4612811918334230528 4612987840194674688 4607182418800017408 0 0 0 4607182418800017408 0 0 0 4607182418800017408 4612635996473786368 4612811918334230528 4612987840194674688 0 0 0
