13832384043003412480 13832032199282524160 13831680355561635840 13795651558542671872 4607182418800017408 0 0 0 4607182418800017408 0 0 0 4607182418800017408 4607182418800017408 0 0 0 4607182418800017408 0 0 0 4607182418800017408 13832384043003412480 13832032199282524160 13831702345794191360 0 0 13795651558542671872
13831891461794168832 13831539618073280512 13831187774352392192 13794525658635829248 4607182418800017408 0 0 0 4607182418800017408 0 0 0 4607182418800017408 4607182418800017408 0 0 0 4607182418800017408 0 0 0 4607182418800017408 13831891461794168832 13831539618073280512 13831205366538436608 0 0 13794525658635829248
13831398880584925184 13831047036864036864 13830695193143148544 13792273858822144000 4607182418800017408 0 0 0 4607182418800017408 0 0 0 4607182418800017408 4607182418800017408 0 0 0 4607182418800017408 0 0 0 4607182418800017408 13831398880584925184 13831047036864036864 13830708387282681856 0 0 13792273858822144000
13830906299375681536 13830554455654793216 13829850768213016576 13790022059008458752 4607182418800017408 0 0 0 4607182418800017408 0 0 0 4607182418800017408 4607182418800017408 0 0 0 4607182418800017408 0 0 0 4607182418800017408 13830906299375681536 13830554455654793216 13829868360399060992 0 0 13790022059008458752
13830272980678082560 13829569293236305920 13828865605794529280 13785518459381088256 4607182418800017408 0 0 0 4607182418800017408 0 0 0 4607182418800017408 4607182418800017408 0 0 0 4607182418800017408 0 0 0 4607182418800017408 13830272980678082560 13829569293236305920 13828874401887551488 0 0 13785518459381088256
13829287818259595264 13828584130817818624 13827880443376041984 0 4607182418800017408 0 0 0 4607182418800017408 0 0 0 4607182418800017408 4607182418800017408 0 0 0 4607182418800017408 0 0 0 4607182418800017408 13829287818259595264 13828584130817818624 13827880443376041984 0 0 0
13828302655841107968 13827598968399331328 13826895280957554688 4562146422526312448 4607182418800017408 0 0 0 4607182418800017408 0 0 0 4607182418800017408 4607182418800017408 0 0 0 4607182418800017408 0 0 0 4607182418800017408 13828302655841107968 13827598968399331328 13826886484864532480 0 0 4562146422526312448
13827317493422620672 13826613805980844032 13825769381050712064 4566650022153682944 4607182418800017408 0 0 0 4607182418800017408 0 0 0 4607182418800017408 4607182418800017408 0 0 0 4607182418800017408 0 0 0 4607182418800017408 13827317493422620672 13826613805980844032 13825734196678623232 0 0 4566650022153682944
13826332331004133376 13825206431097290752 13823799056213737472 4568901821967368192 4607182418800017408 0 0 0 4607182418800017408 0 0 0 4607182418800017408 4607182418800017408 0 0 0 4607182418800017408 0 0 0 4607182418800017408 13826332331004133376 13825206431097290752 13823746279655604224 0 0 4568901821967368192
13824643481143869440 13823236106260316160 13821828731376762880 4571153621781053440 4607182418800017408 0 0 0 4607182418800017408 0 0 0 4607182418800017408 4607182418800017408 0 0 0 4607182418800017408 0 0 0 4607182418800017408 13824643481143869440 13823236106260316160 13821758362632585216 0 0 4571153621781053440
13822673156306894848 13820984306446630912 13818169556679524352 4572279521687896064 4607182418800017408 0 0 0 4607182418800017408 0 0 0 4607182418800017408 4607182418800017408 0 0 0 4607182418800017408 0 0 0 4607182418800017408 13822673156306894848 13820984306446630912 13817993634819080192 0 0 4572279521687896064
13819858406539788288 13817043656772681728 13810288257331625984 13795651558542671872 4607182418800017408 0 0 0 4607182418800017408 0 0 0 4607182418800017408 4607182418800017408 0 0 0 4607182418800017408 0 0 0 4607182418800017408 13819858406539788288 13817043656772681728 13810991944773402624 0 0 13795651558542671872
13814791856958996480 13803532857890570240 4589168020290535424 13794525658635829248 4607182418800017408 0 0 0 4607182418800017408 0 0 0 4607182418800017408 4607182418800017408 0 0 0 4607182418800017408 0 0 0 4607182418800017408 13814791856958996480 13803532857890570240 4588605070337114112 0 0 13794525658635829248
4580160821035794432 4591419820104220672 4595360469778169856 13792273858822144000 4607182418800017408 0 0 0 4607182418800017408 0 0 0 4607182418800017408 4607182418800017408 0 0 0 4607182418800017408 0 0 0 4607182418800017408 4580160821035794432 4591419820104220672 4595254916661903360 0 0 13792273858822144000
4593671619917905920 4596486369685012480 4598738169498697728 13790022059008458752 4607182418800017408 0 0 0 4607182418800017408 0 0 0 4607182418800017408 4607182418800017408 0 0 0 4607182418800017408 0 0 0 4607182418800017408 4593671619917905920 4596486369685012480 4598702985126608896 0 0 13790022059008458752
4597612269591855104 4599301119452119040 4600708494335672320 13785518459381088256 4607182418800017408 0 0 0 4607182418800017408 0 0 0 4607182418800017408 4607182418800017408 0 0 0 4607182418800017408 0 0 0 4607182418800017408 4597612269591855104 4599301119452119040 4600690902149627904 0 0 13785518459381088256
4599864069405540352 4601271444289093632 4602678819172646912 0 4607182418800017408 0 0 0 4607182418800017408 0 0 0 4607182418800017408 4607182418800017408 0 0 0 4607182418800017408 0 0 0 4607182418800017408 4599864069405540352 4601271444289093632 4602678819172646912 0 0 0
4601834394242514944 4602960294149357568 4603663981591134208 4562146422526312448 4607182418800017408 0 0 0 4607182418800017408 0 0 0 4607182418800017408 4607182418800017408 0 0 0 4607182418800017408 0 0 0 4607182418800017408 4601834394242514944 4602960294149357568 4603672777684156416 0 0 4562146422526312448
4603241769126068224 4603945456567844864 4604649144009621504 4566650022153682944 4607182418800017408 0 0 0 4607182418800017408 0 0 0 4607182418800017408 4607182418800017408 0 0 0 4607182418800017408 0 0 0 4607182418800017408 4603241769126068224 4603945456567844864 4604666736195665920 0 0 4566650022153682944
4604226931544555520 4604930618986332160 4605634306428108800 4568901821967368192 4607182418800017408 0 0 0 4607182418800017408 0 0 0 4607182418800017408 4607182418800017408 0 0 0 4607182418800017408 0 0 0 4607182418800017408 4604226931544555520 4604930618986332160 4605660694707175424 0 0 4568901821967368192
4605212093963042816 4605915781404819456 4606619468846596096 4571153621781053440 4607182418800017408 0 0 0 4607182418800017408 0 0 0 4607182418800017408 4607182418800017408 0 0 0 4607182418800017408 0 0 0 4607182418800017408 4605212093963042816 4605915781404819456 4606654653218684928 0 0 4571153621781053440
4606197256381530112 4606900943823306752 4607393525032550400 4572279521687896064 4607182418800017408 0 0 0 4607182418800017408 0 0 0 4607182418800017408 4607182418800017408 0 0 0 4607182418800017408 0 0 0 4607182418800017408 4606197256381530112 4606900943823306752 4607415515265105920 0 0 4572279521687896064
4607182418800017408 4607534262520905728 4607886106241794048 13795651558542671872 4607182418800017408 0 0 0 4607182418800017408 0 0 0 4607182418800017408 4607182418800017408 0 0 0 4607182418800017408 0 0 0 4607182418800017408 4607182418800017408 4607534262520905728 4607864116009238528 0 0 13795651558542671872
4607675000009261056 4608026843730149376 4608378687451037696 13794525658635829248 4607182418800017408 0 0 0 4607182418800017408 0 0 0 4607182418800017408 4607182418800017408 0 0 0 4607182418800017408 0 0 0 4607182418800017408 4607675000009261056 4608026843730149376 4608361095264993280 0 0 13794525658635829248
4608167581218504704 4608519424939393024 4608871268660281344 13792273858822144000 4607182418800017408 0 0 0 4607182418800017408 0 0 0 4607182418800017408 4607182418800017408 0 0 0 4607182418800017408 0 0 0 4607182418800017408 4608167581218504704 4608519424939393024 4608858074520748032 0 0 13792273858822144000
4608660162427748352 4609012006148636672 4609363849869524992 13790022059008458752 4607182418800017408 0 0 0 4607182418800017408 0 0 0 4607182418800017408 4607182418800017408 0 0 0 4607182418800017408 0 0 0 4607182418800017408 4608660162427748352 4609012006148636672 4609355053776502784 0 0 13790022059008458752
4609152743636992000 4609504587357880320 4609856431078768640 13785518459381088256 4607182418800017408 0 0 0 4607182418800017408 0 0 0 4607182418800017408 4607182418800017408 0 0 0 4607182418800017408 0 0 0 4607182418800017408 4609152743636992000 4609504587357880320 4609852033032257536 0 0 13785518459381088256
4609645324846235648 4609997168567123968 4610349012288012288 0 4607182418800017408 0 0 0 4607182418800017408 0 0 0 4607182418800017408 4607182418800017408 0 0 0 4607182418800017408 0 0 0 4607182418800017408 4609645324846235648 4609997168567123968 4610349012288012288 0 0 0
4610137906055479296 4610489749776367616 4610841593497255936 4562146422526312448 4607182418800017408 0 0 0 4607182418800017408 0 0 0 4607182418800017408 4607182418800017408 0 0 0 4607182418800017408 0 0 0 4607182418800017408 4610137906055479296 4610489749776367616 4610845991543767040 0 0 4562146422526312448
4610630487264722944 4610982330985611264 4611334174706499584 4566650022153682944 4607182418800017408 0 0 0 4607182418800017408 0 0 0 4607182418800017408 4607182418800017408 0 0 0 4607182418800017408 0 0 0 4607182418800017408 4610630487264722944 4610982330985611264 4611342970799521792 0 0 4566650022153682944
4611123068473966592 4611474912194854912 4611756387171565568 4568901821967368192 4607182418800017408 0 0 0 4607182418800017408 0 0 0 4607182418800017408 4607182418800017408 0 0 0 4607182418800017408 0 0 0 4607182418800017408 4611123068473966592 4611474912194854912 4611762984241332224 0 0 4568901821967368192
4611615649683210240 4611826755915743232 4612002677776187392 4571153621781053440 4607182418800017408 0 0 0 4607182418800017408 0 0 0 4607182418800017408 4607182418800017408 0 0 0 4607182418800017408 0 0 0 4607182418800017408 4611615649683210240 4611826755915743232 4612011473869209600 0 0 4571153621781053440
4611897124659920896 4612073046520365056 4612248968380809216 4572279521687896064 4607182418800017408 0 0 0 4607182418800017408 0 0 0 4607182418800017408 4607182418800017408 0 0 0 4607182418800017408 0 0 0 4607182418800017408 4611897124659920896 4612073046520365056 4612259963497086976 0 0 4572279521687896064
4612143415264542720 4612319337124986880 4612495258985431040 13795651558542671872 4607182418800017408 0 0 0 4607182418800017408 0 0 0 4607182418800017408 4607182418800017408 0 0 0 4607182418800017408 0 0 0 4607182418800017408 4612143415264542720 4612319337124986880 4612484263869153280 0 0 13795651558542671872
4612389705869164544 4612565627729608704 4612741549590052864 13794525658635829248 4607182418800017408 0 0 0 4607182418800017408 0 0 0 4607182418800017408 4607182418800017408 0 0 0 4607182418800017408 0 0 0 4607182418800017408 4612389705869164544 4612565627729608704 4612732753497030656 0 0 13794525658635829248
4612635996473786368 4612811918334230528 4612987840194674688 13792273858822144000 4607182418800017408 0 0 0 4607182418800017408 0 0 0 4607182418800017408 4607182418800017408 0 0 0 4607182418800017408 0 0 0 4607182418800017408 4612635996473786368 4612811918334230528 4612981243124908032 0 0 13792273858822144000
