13840057050868544962 13837309855095848960 13831905535543004365 7 7
13839662985901150044 13836927049127522468 13831410139583993610 8 8
13838976186957976044 13836544243159195976 13830914743624982856 9 1
13838188057023186207 13836161437190869484 13830284239677150986 10 1
13837399927088396370 13835778631222542991 13829293447759129478 7 1
13837399927088396370 13835395825254216499 13828302655841107968 8 8
13836611797153606533 13834967983289616302 13827311863923086459 9 9
13837557553075354337 13834202371352963317 13831905535543004365 10 1
13836769423140564500 13833436759416310333 13831410139583993610 7 1
13835981293205774664 13832671147479657349 13830914743624982856 8 1
13835981293205774663 13831905535543004364 13830284239677150986 9 9
13835193163270984827 13831139923606351380 13829293447759129478 10 10
13833752011390226268 13830194167684603576 13828302655841107968 7 1
13832175751520646595 13828662943811297608 13827311863923086459 8 1
13834067263364142202 13827131719937991636 13831905535543004365 9 1
13834067263364142202 13825150136101948616 13831410139583993610 10 10
13832491003494562529 13822087688355336680 13830914743624982856 7 7
13830914743624982855 13815962792862112800 13830284239677150986 8 1
13828122511856013148 4588807732320345792 13829293447759129478 9 1
13823889128206284874 4597454643604897152 13828302655841107968 10 1
13823889128206284876 4600877379321698720 13827311863923086459 7 7
13828753015803845016 4603309323120478784 13831905535543004365 8 8
13825150136101948616 4604840546993784752 13831410139583993610 9 1
13815242216921733520 4606371770867090720 13830914743624982856 10 1
4598175219545276418 4607542706770207048 13830284239677150986 7 1
4598175219545276416 4608308318706860032 13829293447759129478 8 8
4603579539098121010 4609073930643513016 13828302655841107968 9 9
4606732058837280365 4609839542580166004 13827311863923086459 10 1
4602949035150289148 4610605154516818988 13831905535543004365 7 1
4606101554889448496 4611370766453471972 13831410139583993610 8 1
