13833932155375321088 13831680355561635840 3 3
13832040643531825480 13830914743624982856 4 4
13829743807721866526 13829743807721866526 5 5
13825870712042327900 13828212583848560558 3 2
13813080489100595688 13826681359975254589 4 2
13829653735729319116 13824249416176474520 5 5
13825690568057233080 13820826680459672944 3 3
13812179769175121568 13812179769175121568 4 4
4600156803381319436 4592590756007337008 5 2
4605200834963974390 4598715651500560876 3 2
13810738617294363008 4601778099247172816 4 4
4600336947366414256 4603759683083215832 5 5
4605290906956521800 4605290906956521800 3 3
4608128174721765212 4606822130829827768 4 2
4610019686565260822 4607767886751575574 5 2
4605380978949069212 4608533498688228558 3 3
4608173210718038918 4609299110624881542 4 4
4610064722561534526 4610064722561534526 5 5
4611821126416209019 4610830334498187510 3 2
4612766882337956824 4611595946434840496 4 2
4610109758557808232 4612023788399440692 5 5
4611843644414345872 4612406594367767184 3 3
4612789400336093676 4612789400336093676 4 4
4613735156257841480 4613172206304420168 5 2
4614680912179589284 4613555012272746660 3 2
4612811918334230528 4613937818241073152 4 4
4613757674255978332 4614320624209399644 5 5
4614703430177726138 4614703430177726138 3 3
4615649186099473942 4615086236146052630 4 2
4616392280037990073 4615469042114379122 5 2
