0 3242196992 3230243225 1079613852 3227516928 3219967180 3192704192 3219547750 3197737368 1067030938 1041865114 1046562734 1049918178 1048576000 1055957975 1060152279 3238002688 3230243225 0 3214514586 3214514586 3192704192 3217031168 3217115054 3188543446 3215353446 3215353446 3188543446
1 1090519040 3226258636 1083179008 3225210061 3215353446 1051931448 3217031168 872415232 1069547522 1046562734 1049918178 1052266988 1052266988 1058306785 1061997773 1090519040 3226258636 0 3214514586 3214514586 1051931448 1068104679 3218071356 1049582637 1067869798 3215353446 1049582637
2 3238002688 3221644900 1085485876 3222903194 3208642560 1063675496 3214514585 1050253728 1072064104 1049918178 1052266988 1054615798 1055957975 1060152279 1048576000 3238002688 3221644900 0 3214514586 3213256296 1063675496 3224933238 3216867590 1046898280 3215353446 3215353446 1046898280
3 3238736691 3212836864 1087792744 1050253726 3192704192 1069128092 3211159141 1058642332 3219547750 1052266988 1054615798 1056964608 1058306785 1061997773 1052266988 3238002688 3212836864 0 1067030938 3209481420 1067030938 3221997224 3213424066 1054682908 3215353446 3213424066 1054682908
4 3237163827 1036832000 1090099612 3219547750 1051931448 1073741824 3206125976 1063675496 3217031168 1054615798 1056964608 1058139014 1060152279 1048576000 1055957975 3237163827 1036832000 0 3214514586 3205287116 1067030938 3229815407 3182637848 1058038350 3215353446 3182637848 1058038350
5 0 0 0 0 0 0 0 0 0 1056964608 1058139014 1041865114 1061997773 1052266988 1058306785 0 0 0 0 0 0 0 0 0 0 0 0
6 3232550092 1075000116 1092616192 3192704192 1069128092 1078355560 872415232 1069547522 3211159141 1058139014 1041865114 1046562734 1048576000 1055957975 1060152279 3232550092 1075000116 0 3192704200 3175926976 1067030938 3225956647 1050975144 1062467535 3215353446 1050975144 1062467535
7 1090519040 1079613852 1093769626 1051931448 1073741824 1080662426 1050253728 1072064104 3206125976 1041865114 1046562734 1049918178 1052266988 1058306785 1061997773 1090519040 1079613852 0 1028443328 1045220544 1067030938 1067181933 1063071515 1064682128 1067181933 1063071515 1064682128
8 3238002688 1083179008 1094923060 1063675496 1076048692 1082549863 1058642332 3219547750 3197737368 1046562734 1049918178 1052266988 1055957975 1060152279 1048576000 3238002688 1083179008 0 1050253720 1067030938 1067030938 3218029412 1074299667 1050253722 3215353446 1067869798 1050253722
9 3221644900 1085485876 1096076494 1074161255 1078355560 3227516928 1063675496 3217031168 872415232 1049918178 1052266988 1054615798 1058306785 1061997773 1052266988 3221644900 1085485876 0 1067030938 1067030938 3214514586 1035087128 1077835466 3202166556 1035087128 1067869798 3202166556
10 3212836864 1087792744 1097229928 0 1080662426 3225210061 1067030938 3214514585 1050253728 1052266988 1054615798 1056964608 1060152279 1048576000 1055957975 3212836864 1087792744 0 3214514586 1067030938 3214514586 3214413922 1078695298 3205521998 3214413922 1067869798 3205521998
11 0 0 0 0 0 0 0 0 0 1054615798 1056964608 1058139014 1061997773 1052266988 1058306785 0 0 0 0 0 0 0 0 0 0 0 0
12 1067030944 1091462758 3241043558 1078355560 3227516928 3219967180 1072064104 3206125976 1063675496 1056964608 1058139014 1041865114 1048576000 1055957975 1060152279 1067030944 1090519040 0 1067030938 3214514586 3214514586 1063675501 1082113656 3209951183 1063675501 1067869798 3209951183
13 1090519040 1092616192 3239890125 1080662426 3225210061 3215353446 3219547750 3197737368 1067030938 1058139014 1041865114 1046562734 1052266988 1058306785 1061997773 1090519040 1090519040 0 1067030938 3214514586 3214514586 1084210808 1057031718 3212165776 1067869798 1057031718 3212165776
14 3238002688 1093769626 3238736691 1082549863 3222903194 3208642560 3217031168 872415232 1069547522 1041865114 1046562734 1049918178 1055957975 1060152279 1048576000 3238002688 1090519040 0 1067030938 3214514586 3208642560 3206729958 1064212365 3191865344 3206729958 1064212365 3191865344
15 1083179008 1094923060 3237163827 872415232 3219967180 3192704192 3214514585 1050253728 1072064104 1046562734 1049918178 1052266988 1058306785 1061997773 1052266988 1083179008 1090519040 0 1067030938 3214514586 3192704192 1071107801 1068373116 3180557492 1067869798 1067869798 3180557492
16 1085485876 1096076494 3234856960 3221644902 3215353446 1051931448 3211159141 1058642332 3219547750 1049918178 1052266988 1054615798 1060152279 1048576000 1055957975 1085485876 1090519040 0 3214514586 3214514586 1051931448 1061930667 1076174521 1042838197 1061930667 1067869798 1042838197
17 0 0 0 0 0 0 0 0 0 1052266988 1054615798 1056964608 1061997773 1052266988 1058306785 0 0 0 0 0 0 0 0 0 0 0 0
18 1090099612 3242196992 3230243225 3219967180 3192704192 1069128092 3197737368 1067030938 3214514585 1054615798 1056964608 1058139014 1048576000 1055957975 1060152279 1090099612 3238002688 0 3214514586 3214514586 1067030938 1078162623 3230796874 1062467535 1067869798 3215353446 1062467535
19 1090519040 3241043558 3226258636 3215353446 1051931448 1073741824 872415232 1069547522 3211159141 1056964608 1058139014 1041865114 1052266988 1058306785 1061997773 1090519040 3238002688 0 3214514586 3214095156 1067030938 1080318492 3232187286 1064682128 1067869798 3215353446 1064682128
20 3238002688 3239890125 3221644900 3208642560 1063675496 1076048692 1050253728 1072064104 3206125976 1058139014 1041865114 1046562734 1055957975 1060152279 1048576000 3238002688 3238002688 0 3213256296 3211159144 1067030938 3231823431 3219723912 1050253722 3215353446 3215353446 1050253722
21 1093769626 3238736691 3212836864 1072064104 1069128092 1078355560 1058642332 3219547750 3197737368 1041865114 1046562734 1049918178 1058306785 1061997773 1052266988 1090519040 3238002688 0 1067030938 1067030938 1067030938 1072869409 3209481420 1054682908 1067869798 3209481420 1054682908
22 1094923060 3237163827 1036832000 3197737368 1073741824 1080662426 1063675496 3217031168 872415232 1046562734 1049918178 1052266988 1060152279 1048576000 1055957975 1090519040 3237163827 0 3214514586 1067030938 1067030938 1064212365 3220420168 1058038350 1064212365 3215353446 1058038350
23 0 0 0 0 0 0 0 0 0 1049918178 1052266988 1054615798 1061997773 1052266988 1058306785 0 0 0 0 0 0 0 0 0 0 0 0
24 1097229928 3232550092 1075000116 1069128092 1078355560 3227516928 1069547522 3211159141 1058642332 1052266988 1054615798 1056964608 1048576000 1055957975 1060152279 1090519040 3232550092 0 3175926976 1067030938 3214514586 1077380383 3219195427 3209951183 1067869798 3215353446 3209951183
25 1090519040 3230243225 1079613852 1073741824 1080662426 3225210061 1072064104 3206125976 1063675496 1054615798 1056964608 1058139014 1052266988 1058306785 1061997773 1090519040 3230243225 0 1045220544 1067030938 3214514586 1080083612 3216645291 3212165776 1067869798 3215353446 3212165776
26 3238002688 3226258636 1083179008 1076048692 1082549863 3222903194 3219547750 3197737368 1067030938 1056964608 1058139014 1041865114 1055957975 1060152279 1048576000 3238002688 3226258636 0 1067030938 1067030938 3214514586 3227248492 3212769755 3197737370 3215353446 3212769755 3197737370
27 3239890125 3221644900 1085485876 3197737368 3227516928 3219967180 3217031168 872415232 1069547522 1058139014 1041865114 1046562734 1058306785 1061997773 1052266988 3238002688 3221644900 0 1067030938 3214514586 3214514586 3229043656 3215143731 3202166556 3215353446 3215143731 3202166556
28 3238736691 3212836864 1087792744 3222903194 3225210061 3215353446 3214514585 1050253728 1072064104 1041865114 1046562734 1049918178 1060152279 1048576000 1055957975 3238002688 3212836864 0 3214514586 3214514586 3214514586 3221342913 3204783800 3205521998 3215353446 3204783800 3205521998
29 0 0 0 0 0 0 0 0 0 1046562734 1049918178 1052266988 1061997773 1052266988 1058306785 0 0 0 0 0 0 0 0 0 0 0 0
